HVAEP1_T000558.1	DQ286051.1|	96.164	391	15	0	74	464	12	402	0.0	640
HVAEP1_T000647.2	AY225467.1|	94.848	1378	68	1	1027	2404	919	2293	0.0	2148
HVAEP1_T000647.2	AY225467.1|	94.049	1109	66	0	2405	3513	2411	3519	0.0	1683
HVAEP1_T000647.2	AY225467.1|	93.943	809	49	0	1	809	112	920	0.0	1223
HVAEP1_T000752.1	GANC01000001.1|	96.650	1224	39	2	1403	2625	146	1368	0.0	2032
HVAEP1_T000752.1	GANC01000001.1|	96.929	1107	34	0	2995	4101	2023	3129	0.0	1857
HVAEP1_T000752.1	GANC01000001.1|	97.569	288	7	0	2719	3006	1693	1980	6.19e-140	494
HVAEP1_T000752.1	AF282902.1|	96.569	1224	40	2	1403	2625	2375	3597	0.0	2026
HVAEP1_T000752.1	AF282902.1|	96.751	1108	35	1	2995	4101	4252	5359	0.0	1845
HVAEP1_T000752.1	AF282902.1|	95.662	438	8	7	429	855	1065	1502	0.0	693
HVAEP1_T000752.1	AF282902.1|	96.893	354	11	0	1056	1409	1947	2300	5.93e-170	593
HVAEP1_T000752.1	AF282902.1|	97.222	288	8	0	2719	3006	3922	4209	2.88e-138	488
HVAEP1_T000752.1	AF282902.1|	92.453	265	16	4	96	356	569	833	2.34e-104	375
HVAEP1_T000752.1	AF282902.1|	93.665	221	9	4	841	1056	1662	1882	2.39e-89	326
HVAEP1_T000761.2	AF282902.1|	96.600	2412	82	0	1	2412	157	2568	0.0	4000
HVAEP1_T000761.2	AF282902.1|	95.993	599	23	1	2823	3420	3309	3907	0.0	972
HVAEP1_T000761.2	GANC01000001.1|	95.659	599	25	1	2823	3420	1080	1678	0.0	961
HVAEP1_T000761.2	GANC01000001.1|	96.165	339	13	0	2074	2412	1	339	2.33e-158	555
HVAEP1_T000762.1	AF282902.1|	97.231	650	15	2	396	1042	4533	5182	0.0	1098
HVAEP1_T000762.1	AF282902.1|	98.010	402	8	0	1	402	4069	4470	0.0	699
HVAEP1_T000762.1	GANC01000001.1|	96.769	650	18	2	396	1042	2304	2953	0.0	1081
HVAEP1_T000762.1	GANC01000001.1|	98.010	402	8	0	1	402	1840	2241	0.0	699
HVAEP1_T000763.1	DQ679810.1|	95.109	368	14	4	227	590	6949	7316	1.20e-165	577
HVAEP1_T000763.1	DQ679810.1|	95.812	191	8	0	36	226	6527	6717	4.84e-85	309
HVAEP1_T000775.1	MF805381.1|	90.177	1242	104	10	46	1272	21	1259	0.0	1602
HVAEP1_T000775.1	MF805376.1|	79.926	1081	196	15	152	1221	126	1196	0.0	774
HVAEP1_T000775.1	MF805377.1|	80.134	1042	193	13	149	1183	118	1152	0.0	765
HVAEP1_T001067.2	AF159157.1|	95.215	4138	175	7	1915	6031	2	4137	0.0	6523
HVAEP1_T001083.1	JQ994222.1|	99.720	1788	2	3	429	2213	1	1788	0.0	3271
HVAEP1_T001117.1	DQ286045.1|	97.048	1965	58	0	1	1965	58	2022	0.0	3308
HVAEP1_T001120.1	AM263457.1|	96.337	1747	48	10	464	2207	3	1736	0.0	2867
HVAEP1_T001123.1	AF005264.1|	96.685	2172	56	7	119	2290	1	2156	0.0	3598
HVAEP1_T001136.1	KC503882.1|	95.477	597	21	5	542	1135	505	1098	0.0	948
HVAEP1_T001136.1	KC503882.1|	91.520	625	47	2	1702	2326	1788	2406	0.0	856
HVAEP1_T001136.1	KC503882.1|	95.065	385	19	0	1	385	39	423	6.06e-174	606
HVAEP1_T001163.1	JX118848.1|	98.043	511	10	0	505	1015	7	517	0.0	889
HVAEP1_T001191.1	DQ286052.1|	94.388	196	6	2	382	574	14	207	2.55e-81	296
HVAEP1_T001197.1	Y15516.1|	98.204	891	16	0	31	921	1	891	0.0	1557
HVAEP1_T001212.1	AB047381.1|	97.627	1896	45	0	38	1933	1	1896	0.0	3253
HVAEP1_T001212.1	AB047381.1|	96.234	478	11	3	2027	2498	1894	2370	0.0	776
HVAEP1_T001289.1	LN868238.1|	96.463	9076	321	0	3	9078	11	9086	0.0	14982
HVAEP1_T001292.1	DQ286046.1|	96.742	399	12	1	40	438	3	400	0.0	664
HVAEP1_T001299.1	HM117257.1|	96.752	431	14	0	311	741	1	431	0.0	719
HVAEP1_T001304.2	U00936.1|	95.861	2561	81	5	13	2565	25	2568	0.0	4119
HVAEP1_T001308.2	KY053286.1|	97.561	287	7	0	167	453	107	393	2.37e-140	492
HVAEP1_T001326.1	LN868233.1|	91.557	2499	164	26	436	2892	1	2494	0.0	3402
HVAEP1_T001367.1	AY030357.1|	97.464	631	15	1	1	631	25	654	0.0	1075
HVAEP1_T001378.1	MK376927.1|	100.000	1302	0	0	40	1341	1	1302	0.0	2405
HVAEP1_T001381.1	AB050601.1|	83.762	973	152	6	90	1062	96	1062	0.0	917
HVAEP1_T001408.1	AY197742.1|	97.719	570	13	0	1	570	72	641	0.0	981
HVAEP1_T001469.1	AM233901.1|	92.800	375	24	1	1	372	1	375	6.80e-155	540
HVAEP1_T001578.1	KC701505.1|	100.000	270	0	0	9	278	1	270	1.11e-142	499
HVAEP1_T001578.1	KC701506.1|	92.884	267	19	0	9	275	1	267	2.51e-109	388
HVAEP1_T001579.1	KC701507.1|	100.000	270	0	0	207	476	1	270	2.09e-142	499
HVAEP1_T001657.1	KY053286.1|	98.219	393	7	0	107	499	1	393	0.0	688
HVAEP1_T001659.1	KY053286.1|	99.505	202	1	0	81	282	192	393	2.53e-103	368
HVAEP1_T001662.1	KY053286.1|	99.502	201	1	0	79	279	193	393	8.99e-103	366
HVAEP1_T001669.1	KY053286.1|	98.219	393	7	0	1	393	1	393	0.0	688
HVAEP1_T001682.1	KY053286.1|	98.982	393	4	0	81	473	1	393	0.0	704
HVAEP1_T001686.1	KY053286.1|	97.990	199	3	1	1	198	1	199	5.18e-96	344
HVAEP1_T001689.1	KY053286.1|	98.982	393	4	0	1	393	1	393	0.0	704
HVAEP1_T001692.1	KY053291.1|	95.370	216	10	0	1	216	190	405	3.77e-96	344
HVAEP1_T001693.1	KY053286.1|	98.982	393	4	0	1	393	1	393	0.0	704
HVAEP1_T001695.1	LN868239.1|	94.249	4260	225	8	44	4291	71	4322	0.0	6492
HVAEP1_T001722.1	EU314928.1|	93.632	691	44	0	38	728	3	693	0.0	1033
HVAEP1_T001726.1	KY053286.1|	97.201	393	11	0	1	393	1	393	0.0	665
HVAEP1_T001746.1	MK376926.1|	100.000	1460	0	0	69	1528	1	1460	0.0	2697
HVAEP1_T001746.1	LN868240.1|	94.239	1597	85	6	1	1594	1	1593	0.0	2433
HVAEP1_T001760.1	KY053286.1|	98.219	393	7	0	41	433	1	393	0.0	688
HVAEP1_T001764.1	KY053286.1|	98.219	393	7	0	228	620	1	393	0.0	688
HVAEP1_T001768.1	KY053286.1|	98.219	393	7	0	1	393	1	393	0.0	688
HVAEP1_T001772.1	KY053286.1|	98.219	393	7	0	1	393	1	393	0.0	688
HVAEP1_T001775.1	KY053286.1|	98.219	393	7	0	1	393	1	393	0.0	688
HVAEP1_T001778.1	KY053286.1|	99.301	286	2	0	21	306	108	393	2.59e-148	518
HVAEP1_T001835.1	KY053286.1|	98.728	393	5	0	1	393	1	393	0.0	699
HVAEP1_T001864.1	KY053286.1|	98.728	393	5	0	54	446	1	393	0.0	699
HVAEP1_T001868.1	KY053286.1|	98.728	393	5	0	1	393	1	393	0.0	699
HVAEP1_T001870.1	KY053286.1|	98.339	301	4	1	1	300	1	301	4.21e-151	527
HVAEP1_T001931.1	KM065534.1|	95.699	1395	51	4	150	1541	19	1407	0.0	2235
HVAEP1_T001933.1	KY053286.1|	98.219	393	7	0	1	393	1	393	0.0	688
HVAEP1_T001935.1	KY053286.1|	98.219	393	7	0	1	393	1	393	0.0	688
HVAEP1_T001936.1	KY053291.1|	96.790	405	13	0	32	436	1	405	0.0	676
HVAEP1_T001938.1	KY053286.1|	97.044	203	4	2	1	201	1	203	3.81e-95	340
HVAEP1_T001940.1	KY053286.1|	98.252	286	5	0	21	306	108	393	2.61e-143	501
HVAEP1_T001942.1	KY053286.1|	98.252	286	5	0	21	306	108	393	2.61e-143	501
HVAEP1_T001943.1	KY053286.1|	97.902	286	3	3	21	303	108	393	1.55e-140	492
HVAEP1_T001948.1	KY053286.1|	97.429	389	8	2	1	387	1	389	0.0	662
HVAEP1_T001957.1	KY053286.1|	97.487	199	4	1	1	198	1	199	2.39e-94	339
HVAEP1_T001961.1	AB513182.1|	97.009	1872	56	0	1	1872	1	1872	0.0	3147
HVAEP1_T001963.1	U76187.1|	97.488	637	12	1	203	835	55	691	0.0	1085
HVAEP1_T001965.2	AM182482.1|	92.761	373	25	2	71	441	11	383	2.91e-154	538
HVAEP1_T001965.2	AM182483.1|	91.711	374	28	3	71	441	10	383	1.36e-147	516
HVAEP1_T001965.2	DQ127903.1|	91.961	311	25	0	80	390	1	311	1.09e-123	436
HVAEP1_T001966.1	DQ127904.1|	89.852	542	32	11	10	551	1	519	0.0	676
HVAEP1_T001974.1	FJ767839.1|	93.416	805	53	0	116	920	1	805	0.0	1194
HVAEP1_T001980.1	AB425834.1|	94.412	1718	75	9	15	1717	1	1712	0.0	2621
HVAEP1_T001985.1	AB425834.1|	93.594	843	54	0	4	846	377	1219	0.0	1258
HVAEP1_T002007.1	AF272672.1|	97.219	1546	34	9	21	1562	9	1549	0.0	2608
HVAEP1_T002007.1	JN083831.1|	100.000	1260	0	0	239	1498	1	1260	0.0	2327
HVAEP1_T002007.1	JN083832.1|	98.651	1260	17	0	239	1498	1	1260	0.0	2233
HVAEP1_T002010.1	DQ139842.1|	89.067	686	41	14	14	695	14	669	0.0	821
HVAEP1_T002011.1	DQ139842.1|	96.308	325	12	0	978	1302	14	338	1.24e-152	534
HVAEP1_T002103.2	LN868218.1|	94.771	2295	84	6	91	2382	353	2614	0.0	3541
HVAEP1_T002119.1	FJ496651.1|	94.188	499	29	0	1	499	1	499	0.0	761
HVAEP1_T002119.1	AM110763.1|	86.800	500	64	2	1	499	3	501	9.24e-160	556
HVAEP1_T002119.1	FJ496649.1|	86.774	499	66	0	1	499	1	499	9.24e-160	556
HVAEP1_T002120.1	FJ496652.1|	95.898	512	21	0	34	545	1	512	0.0	830
HVAEP1_T002121.1	AM110763.1|	98.236	567	9	1	1	566	1	567	0.0	990
HVAEP1_T002121.1	FJ496649.1|	97.633	507	12	0	3	509	1	507	0.0	870
HVAEP1_T002121.1	FJ496651.1|	88.363	507	59	0	3	509	1	507	1.28e-175	610
HVAEP1_T002122.1	FJ496650.1|	91.519	507	43	0	48	554	1	507	0.0	699
HVAEP1_T002122.1	FJ496653.1|	91.339	508	42	2	48	554	1	507	0.0	693
HVAEP1_T002124.1	FJ496653.1|	94.083	507	30	0	205	711	1	507	0.0	771
HVAEP1_T002124.1	FJ496650.1|	88.409	509	55	4	205	711	1	507	9.99e-176	610
HVAEP1_T002124.1	FJ496649.1|	86.000	500	68	2	205	703	1	499	6.18e-153	534
HVAEP1_T002271.1	GU121226.1|	93.033	933	53	4	329	1252	1	930	0.0	1352
HVAEP1_T002332.1	MK648244.1|	99.906	1063	1	0	797	1859	1	1063	0.0	1958
HVAEP1_T002395.1	DQ286043.1|	89.587	653	59	7	574	1222	1	648	0.0	821
HVAEP1_T002398.1	DQ286043.1|	92.308	611	38	6	5	610	44	650	0.0	859
HVAEP1_T002399.1	DQ286043.1|	97.076	513	15	0	1	513	96	608	0.0	865
HVAEP1_T002445.1	AB840995.1|	95.798	1666	66	3	208	1872	43	1705	0.0	2691
HVAEP1_T002595.1	AJ271008.1|	92.992	528	34	3	535	1062	1	525	0.0	767
HVAEP1_T003239.1	JQ994210.1|	100.000	1723	0	0	889	2611	56	1778	0.0	3182
HVAEP1_T003411.1	EU035765.1|	93.917	674	38	2	155	828	1	671	0.0	1014
HVAEP1_T003459.1	AY213094.1|	99.644	281	0	1	1	281	23	302	4.79e-146	512
HVAEP1_T003460.1	AY213094.1|	98.344	302	3	2	1	301	2	302	1.18e-151	529
HVAEP1_T003730.1	LN868213.1|	97.041	811	22	2	112	921	601	1410	0.0	1363
HVAEP1_T003773.1	KC580661.1|	100.000	459	0	0	58	516	1	459	0.0	848
HVAEP1_T003824.2	JQ906933.1|	99.850	667	1	0	53	719	7	673	0.0	1227
HVAEP1_T003824.2	JQ906932.1|	97.601	667	16	0	53	719	7	673	0.0	1144
HVAEP1_T003891.1	AJ252184.1|	96.502	486	16	1	219	703	1	486	0.0	802
HVAEP1_T003907.1	JQ994214.1|	100.000	1820	0	0	207	2026	3	1822	0.0	3362
HVAEP1_T004021.2	HM117253.1|	97.523	646	16	0	1773	2418	1	646	0.0	1105
HVAEP1_T004021.2	AB006556.1|	98.182	440	8	0	2045	2484	1	440	0.0	769
HVAEP1_T004108.1	AY030358.1|	97.481	516	13	0	1	516	21	536	0.0	881
HVAEP1_T004115.1	AB025945.1|	96.312	461	13	3	25	483	21	479	0.0	754
HVAEP1_T004129.1	AB006554.1|	96.638	1606	54	0	1346	2951	1	1606	0.0	2669
HVAEP1_T004129.1	AF065472.1|	97.427	894	23	0	1045	1938	1	894	0.0	1524
HVAEP1_T004140.1	AB823948.1|	89.346	1192	94	20	78	1250	6	1183	0.0	1467
HVAEP1_T004155.2	DQ286039.1|	94.188	671	17	6	149	819	195	843	0.0	1003
HVAEP1_T004155.2	HM117259.1|	96.117	515	20	0	149	663	56	570	0.0	841
HVAEP1_T004167.2	GU121227.1|	96.327	2777	101	1	40	2815	1	2777	0.0	4562
HVAEP1_T004176.1	JQ822228.1|	97.222	216	6	0	2570	2785	1	216	1.26e-101	366
HVAEP1_T004234.1	MF805374.1|	94.315	1161	66	0	69	1229	1	1161	0.0	1779
HVAEP1_T004235.1	MF805374.1|	92.735	1170	76	1	69	1229	1	1170	0.0	1681
HVAEP1_T004266.2	AF529242.1|	98.302	1590	27	0	1638	3227	1502	3091	0.0	2787
HVAEP1_T004305.1	AY436645.1|	97.010	1739	47	2	1	1738	1	1735	0.0	2918
HVAEP1_T004403.1	GQ856263.1|	97.249	945	26	0	236	1180	1	945	0.0	1602
HVAEP1_T004455.1	JN411715.2|	97.667	3429	80	0	1	3429	1	3429	0.0	5890
HVAEP1_T004479.1	AB509418.1|	87.606	1654	198	6	1	1649	1	1652	0.0	1912
HVAEP1_T004479.1	AB509419.1|	91.611	1359	99	2	1	1344	1	1359	0.0	1864
HVAEP1_T004557.1	KC751434.1|	91.767	1251	79	12	65	1306	1	1236	0.0	1718
HVAEP1_T004559.1	KC751434.1|	91.558	616	43	6	1	610	1	613	0.0	841
HVAEP1_T004595.1	AY184208.1|	96.910	356	11	0	13	368	104	459	3.46e-171	597
HVAEP1_T004723.1	KC751433.1|	88.118	850	89	5	570	1407	437	1286	0.0	1000
HVAEP1_T004723.1	KC751433.1|	96.092	435	16	1	72	506	3	436	0.0	708
HVAEP1_T004873.2	FJ200210.1|	96.825	504	16	0	22	525	23	526	0.0	843
HVAEP1_T004877.2	AY372112.1|	96.507	1231	43	0	166	1396	1	1231	0.0	2036
HVAEP1_T004919.1	AY218840.1|	94.762	210	10	1	1	210	2	210	1.14e-90	326
HVAEP1_T004920.1	AY218840.1|	96.410	195	7	0	73	267	25	219	6.88e-89	322
HVAEP1_T004976.1	JQ994213.1|	99.901	2025	1	1	76	2099	2	2026	0.0	3727
HVAEP1_T004979.1	EU152252.1|	95.296	2785	122	3	134	2918	387	3162	0.0	4409
HVAEP1_T004980.1	EU152252.1|	97.426	272	7	0	1	272	116	387	3.21e-132	464
HVAEP1_T005101.1	JQ906935.1|	99.476	3055	16	0	188	3242	1	3055	0.0	5553
HVAEP1_T005101.1	JQ906934.1|	95.647	3239	119	17	169	3385	4	3242	0.0	5180
HVAEP1_T005105.2	EU035761.1|	96.270	697	26	0	310	1006	1	697	0.0	1144
HVAEP1_T005164.2	X67590.1|	95.481	686	30	1	273	957	1	686	0.0	1094
HVAEP1_T005166.1	X67590.1|	93.431	685	44	1	99	782	1	685	0.0	1014
HVAEP1_T005205.1	AF125506.1|	81.831	710	113	16	186	890	1	699	3.10e-167	582
HVAEP1_T005208.1	AF125506.1|	96.237	691	24	2	249	938	124	813	0.0	1131
HVAEP1_T005217.1	JX118843.1|	99.899	1983	0	2	226	2206	224	2206	0.0	3650
HVAEP1_T005251.1	AM279158.1|	96.350	1370	49	1	84	1452	3	1372	0.0	2252
HVAEP1_T005251.1	AB426120.1|	96.300	1135	42	0	82	1216	1	1135	0.0	1864
HVAEP1_T005410.1	KR063224.1|	97.319	858	23	0	267	1124	1	858	0.0	1458
HVAEP1_T005443.1	AM393878.1|	97.222	1908	47	3	669	2574	1	1904	0.0	3225
HVAEP1_T005481.1	KU248484.1|	96.937	555	17	0	21	575	1	555	0.0	931
HVAEP1_T005487.1	AY216501.1|	96.474	312	11	0	59	370	18	329	2.64e-147	516
HVAEP1_T005507.1	LN868226.1|	94.840	717	24	6	564	1269	53	767	0.0	1107
HVAEP1_T005518.1	DQ286040.1|	96.141	311	11	1	45	355	396	705	6.66e-145	507
HVAEP1_T005518.1	DQ286041.1|	96.141	311	11	1	45	355	286	595	6.66e-145	507
HVAEP1_T005518.1	HM117260.1|	95.498	311	13	1	45	355	187	496	1.44e-141	496
HVAEP1_T005729.1	AB274031.1|	96.662	1947	59	3	1	1944	13	1956	0.0	3230
HVAEP1_T005884.3	KM659183.1|	95.885	972	40	0	186	1157	1	972	0.0	1574
HVAEP1_T005884.3	KM659182.1|	95.473	972	44	0	186	1157	1	972	0.0	1552
HVAEP1_T005983.1	MF805372.1|	96.581	1053	34	2	1	1051	82	1134	0.0	1744
HVAEP1_T005984.1	MF805373.1|	95.767	1134	36	3	1	1134	1	1122	0.0	1818
HVAEP1_T005991.1	EF010985.1|	97.792	317	7	0	1	317	460	776	3.54e-157	547
HVAEP1_T005995.2	EF010985.1|	96.441	1658	53	2	425	2082	638	2289	0.0	2730
HVAEP1_T005995.2	EF010985.1|	97.424	427	6	3	1	426	136	558	0.0	723
HVAEP1_T006040.2	GU128636.1|	94.321	810	46	0	69	878	1	810	0.0	1242
HVAEP1_T006103.1	JQ994221.1|	99.891	1839	1	1	213	2050	6	1844	0.0	3384
HVAEP1_T006122.1	EU877199.1|	98.648	1257	17	0	841	2097	1	1257	0.0	2228
HVAEP1_T006202.1	HG422727.1|	96.937	1404	43	0	179	1582	1	1404	0.0	2355
HVAEP1_T006216.1	AJ252185.1|	96.435	589	18	3	774	1359	3	591	0.0	968
HVAEP1_T006331.3	KC701519.1|	100.000	273	0	0	518	790	1	273	9.41e-144	505
HVAEP1_T006331.3	KC701518.1|	94.505	273	15	0	518	790	1	273	9.75e-119	422
HVAEP1_T006331.3	KC701517.1|	94.007	267	13	1	518	784	1	264	1.27e-112	401
HVAEP1_T006375.1	KR063225.1|	91.304	598	43	3	149	737	1	598	0.0	808
HVAEP1_T006376.1	KR063225.1|	91.806	598	43	1	88	679	1	598	0.0	828
HVAEP1_T006413.1	AY366371.1|	98.646	1108	15	0	66	1173	119	1226	0.0	1964
HVAEP1_T006413.1	AF105065.1|	98.359	792	13	0	66	857	119	910	0.0	1391
HVAEP1_T006489.1	X83872.1|	96.443	731	23	2	175	905	755	1482	0.0	1203
HVAEP1_T006526.1	AY193769.1|	96.069	992	38	1	48	1038	169	1160	0.0	1615
HVAEP1_T006527.1	AY193769.1|	96.842	1235	37	1	1	1233	1232	2466	0.0	2063
HVAEP1_T006530.1	AY193769.1|	91.368	2456	176	5	136	2558	97	2549	0.0	3328
HVAEP1_T006531.1	AY193769.1|	90.355	394	38	0	1	394	2156	2549	5.72e-148	518
HVAEP1_T006642.1	DQ286047.1|	96.283	538	20	0	11	548	14	551	0.0	883
HVAEP1_T006647.1	JN580276.1|	97.559	1024	24	1	379	1401	580	1603	0.0	1751
HVAEP1_T006647.1	JN580276.1|	95.251	379	18	0	1	379	86	464	1.20e-172	601
HVAEP1_T006647.1	JN411720.1|	97.732	441	10	0	952	1392	1	441	0.0	760
HVAEP1_T006659.1	KU248485.1|	96.615	384	13	0	743	1126	1	384	0.0	638
HVAEP1_T006664.1	JF803424.1|	94.346	619	35	0	598	1216	1	619	0.0	950
HVAEP1_T006755.3	M95931.1|	91.040	2009	165	13	1	2000	123	2125	0.0	2699
HVAEP1_T006755.3	M95931.1|	97.262	694	19	0	2481	3174	1436	2129	0.0	1177
HVAEP1_T006755.3	M95931.1|	96.074	433	17	0	3456	3888	2078	2510	0.0	706
HVAEP1_T006755.3	M95932.1|	90.945	2010	165	15	1	2000	123	2125	0.0	2687
HVAEP1_T006755.3	M95932.1|	97.848	976	19	2	2481	3456	1436	2409	0.0	1685
HVAEP1_T006807.1	LN868216.1|	76.742	2842	596	55	465	3266	458	3274	0.0	1526
HVAEP1_T006814.1	LN868216.1|	79.241	2924	558	37	389	3283	380	3283	0.0	1991
HVAEP1_T006814.1	LN868217.1|	97.796	1089	24	0	330	1418	388	1476	0.0	1879
HVAEP1_T006814.1	LN868214.1|	78.646	1831	367	16	1569	3381	3	1827	0.0	1194
HVAEP1_T006815.1	LN868217.1|	97.800	1091	24	0	226	1316	386	1476	0.0	1882
HVAEP1_T006815.1	LN868216.1|	79.340	2212	412	33	287	2471	380	2573	0.0	1511
HVAEP1_T006821.1	LN868216.1|	86.756	3292	414	11	1	3273	66	3354	0.0	3644
HVAEP1_T006821.1	LN868214.1|	90.710	1959	180	2	1476	3433	3	1960	0.0	2608
HVAEP1_T006823.1	LN868216.1|	94.258	3361	168	9	42	3382	369	3724	0.0	5114
HVAEP1_T006823.1	LN868214.1|	91.260	1762	154	0	1228	2989	1	1762	0.0	2401
HVAEP1_T006831.1	EU178740.1|	93.809	3198	174	7	25	3221	3	3177	0.0	4787
HVAEP1_T006973.1	JQ994231.1|	100.000	227	0	0	489	715	3	229	5.58e-118	420
HVAEP1_T006980.1	AY347258.1|	100.000	1263	0	0	1	1263	56	1318	0.0	2333
HVAEP1_T007000.1	MK376919.1|	99.864	1469	2	0	242	1710	1	1469	0.0	2702
HVAEP1_T007000.1	LN868244.1|	96.110	1491	52	2	168	1658	1	1485	0.0	2427
HVAEP1_T007035.1	FR796474.1|	97.214	2513	67	3	1	2512	1	2511	0.0	4250
HVAEP1_T007058.1	KR063227.1|	96.343	629	23	0	203	831	1	629	0.0	1035
HVAEP1_T007115.1	EU170505.1|	95.199	729	32	1	1	726	1	729	0.0	1149
HVAEP1_T007193.2	JQ994219.1|	99.904	1042	1	0	445	1486	1	1042	0.0	1919
HVAEP1_T007201.1	AB037081.1|	94.852	1146	52	5	67	1209	1	1142	0.0	1784
HVAEP1_T007381.1	AF085200.1|	79.728	1618	278	41	1545	3128	1581	3182	0.0	1125
HVAEP1_T007384.1	AF085200.1|	91.418	1573	131	4	1423	2993	1672	3242	0.0	2154
HVAEP1_T007384.1	AF085200.1|	89.230	1402	151	0	22	1423	106	1507	0.0	1753
HVAEP1_T007390.1	AF085200.1|	85.369	745	109	0	230	974	2438	3182	0.0	773
HVAEP1_T007391.1	AF085200.1|	77.380	1985	419	26	16	1982	106	2078	0.0	1151
HVAEP1_T007397.1	DQ286061.1|	97.521	1210	30	0	668	1877	1	1210	0.0	2069
HVAEP1_T007593.1	AF271696.1|	97.475	1782	39	1	462	2243	20	1795	0.0	3038
HVAEP1_T007603.1	FJ154842.1|	95.103	3410	134	6	1	3407	39	3418	0.0	5341
HVAEP1_T007621.1	AB823949.1|	94.753	1582	80	3	1	1580	335	1915	0.0	2459
HVAEP1_T007917.1	AB823955.1|	91.888	2034	132	19	14	2019	70	2098	0.0	2811
HVAEP1_T007917.1	AY522556.1|	92.110	1825	112	17	222	2019	1	1820	0.0	2543
HVAEP1_T007917.1	KJ672501.1|	94.316	1214	69	0	376	1589	1	1214	0.0	1860
HVAEP1_T007918.1	AB823954.1|	89.831	1357	93	24	251	1566	3	1355	0.0	1700
HVAEP1_T008013.2	MK376920.1|	99.838	1234	2	0	92	1325	1	1234	0.0	2268
HVAEP1_T008013.2	LN868246.1|	94.561	478	25	1	865	1341	484	961	0.0	737
HVAEP1_T008320.1	MK376916.1|	99.935	1537	0	1	59	1594	1	1537	0.0	2832
HVAEP1_T008331.1	MK376918.1|	99.941	1687	1	0	116	1802	1	1687	0.0	3110
HVAEP1_T008331.1	LN868243.1|	97.724	1494	33	1	318	1811	29	1521	0.0	2569
HVAEP1_T008332.1	AF123442.1|	95.949	1555	59	2	1	1554	75	1626	0.0	2519
HVAEP1_T008332.1	MH194568.1|	95.949	1555	59	2	1	1554	4	1555	0.0	2519
HVAEP1_T008332.1	MF138882.1|	96.188	1023	35	2	325	1346	1	1020	0.0	1670
HVAEP1_T008336.1	MH194568.1|	97.436	585	15	0	1	585	1675	2259	0.0	998
HVAEP1_T008336.1	AF123442.1|	97.265	585	16	0	1	585	1746	2330	0.0	992
HVAEP1_T008359.1	HM117255.1|	91.857	307	25	0	126	432	11	317	9.89e-121	429
HVAEP1_T008423.1	U96193.1|	99.248	2127	13	1	252	2375	147	2273	0.0	3836
HVAEP1_T008423.1	AB007460.2|	98.098	2103	36	2	252	2351	100	2201	0.0	3659
HVAEP1_T008545.2	AB823957.1|	92.583	1874	115	10	194	2059	88	1945	0.0	2669
HVAEP1_T008697.1	AY651025.1|	96.979	1258	32	4	320	1572	30	1286	0.0	2108
HVAEP1_T008748.1	Z68181.1|	97.205	1574	43	1	37	1609	13	1586	0.0	2662
HVAEP1_T008748.1	D79977.1|	96.357	1592	57	1	23	1613	29	1620	0.0	2617
HVAEP1_T008748.1	JX118844.1|	99.722	1080	3	0	240	1319	1	1080	0.0	1978
HVAEP1_T008749.1	Z68181.1|	97.205	1574	43	1	4	1576	13	1586	0.0	2662
HVAEP1_T008749.1	D79977.1|	96.331	1581	57	1	1	1580	40	1620	0.0	2597
HVAEP1_T008749.1	JX118844.1|	99.722	1080	3	0	207	1286	1	1080	0.0	1978
HVAEP1_T008761.1	KY053288.1|	97.375	381	10	0	188	568	1	381	0.0	649
HVAEP1_T008933.1	MK376928.1|	97.601	1876	35	3	74	1939	1	1876	0.0	3206
HVAEP1_T008933.1	LN868241.1|	94.775	976	37	4	4	971	30	999	0.0	1507
HVAEP1_T008980.1	KY053290.1|	96.841	1108	30	3	24	1130	1	1104	0.0	1847
HVAEP1_T009010.1	MG593807.1|	99.543	219	1	0	1	219	1	219	6.82e-113	399
HVAEP1_T009188.1	AF012538.1|	95.216	1066	45	3	341	1400	156	1221	0.0	1681
HVAEP1_T009188.1	KJ672499.1|	94.538	952	40	4	341	1286	36	981	0.0	1459
HVAEP1_T009194.3	DQ073555.1|	99.611	1029	4	0	154	1182	19	1047	0.0	1884
HVAEP1_T009194.3	DQ072591.1|	93.655	1056	64	3	154	1207	68	1122	0.0	1576
HVAEP1_T009194.3	JF951860.1|	94.935	928	47	0	154	1081	13	940	0.0	1454
HVAEP1_T009216.1	DQ072591.1|	93.401	1076	64	6	1	1072	50	1122	0.0	1587
HVAEP1_T009216.1	DQ073555.1|	94.608	1020	55	0	21	1040	23	1042	0.0	1583
HVAEP1_T009216.1	JF951860.1|	94.255	940	52	2	7	944	1	940	0.0	1435
HVAEP1_T009282.1	KT071608.1|	97.043	372	11	0	27	398	1	372	0.0	627
HVAEP1_T009284.1	JQ994220.1|	99.073	755	7	0	41	795	44	798	0.0	1356
HVAEP1_T009294.1	DQ286059.1|	91.415	827	36	9	2019	2810	76	902	0.0	1101
HVAEP1_T009350.1	MF170904.1|	83.489	1284	203	8	112	1389	160	1440	0.0	1188
HVAEP1_T009433.1	KC701496.1|	99.620	263	1	0	248	510	1	263	8.12e-137	481
HVAEP1_T009433.1	GU256276.1|	92.015	263	21	0	248	510	1	263	1.83e-103	370
HVAEP1_T009433.1	GU256275.1|	91.635	263	22	0	248	510	1	263	8.54e-102	364
HVAEP1_T009435.1	KC701494.1|	97.674	258	0	1	230	487	1	252	6.29e-124	438
HVAEP1_T009435.1	GU256278.1|	94.981	259	11	2	230	487	1	258	6.38e-114	405
HVAEP1_T009435.1	KC701495.1|	94.981	259	11	2	230	487	1	258	6.38e-114	405
HVAEP1_T009436.1	KC701496.1|	100.000	267	0	0	1	267	1	267	3.77e-141	494
HVAEP1_T009436.1	GU256276.1|	92.509	267	20	0	1	267	1	267	8.51e-108	383
HVAEP1_T009436.1	GU256274.1|	91.386	267	23	0	1	267	1	267	8.57e-103	366
HVAEP1_T009438.1	KC701500.1|	99.634	273	1	0	80	352	1	273	1.32e-142	499
HVAEP1_T009438.1	KC701499.1|	90.876	274	23	2	80	352	1	273	1.40e-102	366
HVAEP1_T009439.1	KC701499.1|	100.000	220	0	0	16	235	1	220	8.45e-115	407
HVAEP1_T009440.1	KC701502.1|	100.000	267	0	0	38	304	1	267	6.52e-141	494
HVAEP1_T009552.1	AY422083.1|	94.065	893	51	2	132	1023	1	892	0.0	1354
HVAEP1_T009680.1	AB823956.1|	93.415	1063	65	3	73	1134	1	1059	0.0	1570
HVAEP1_T009682.1	KF411462.1|	94.902	3217	158	3	102	3315	2	3215	0.0	5027
HVAEP1_T009682.1	AB840993.1|	94.954	3151	149	6	166	3313	5	3148	0.0	4929
HVAEP1_T009836.1	AB823947.1|	92.645	1210	82	2	6	1209	5	1213	0.0	1735
HVAEP1_T009836.1	AB823947.1|	89.906	426	33	5	888	1305	1208	1631	2.47e-154	540
HVAEP1_T009872.1	AY422083.1|	95.516	892	40	0	256	1147	1	892	0.0	1426
HVAEP1_T009888.1	KC701510.1|	98.962	289	2	1	226	513	1	289	3.65e-147	516
HVAEP1_T009896.2	JQ994229.1|	100.000	968	0	0	545	1512	124	1091	0.0	1788
HVAEP1_T009912.2	X78597.1|	96.809	752	24	0	128	879	24	775	0.0	1256
HVAEP1_T009946.1	HQ660069.1|	93.375	1434	80	2	58	1476	1	1434	0.0	2108
HVAEP1_T009964.1	M75140.1|	90.586	3123	277	12	705	3814	1	3119	0.0	4122
HVAEP1_T009964.1	LN868215.1|	78.462	1950	390	24	1882	3816	1	1935	0.0	1247
HVAEP1_T009964.1	LN868216.1|	72.597	2642	633	66	1012	3600	561	3164	0.0	784
HVAEP1_T009965.1	LN868215.1|	96.176	1935	74	0	1069	3003	1	1935	0.0	3164
HVAEP1_T009965.1	M75140.1|	78.520	2891	574	38	139	3001	248	3119	0.0	1855
HVAEP1_T010028.1	AY162285.1|	99.063	747	7	0	182	928	1	747	0.0	1341
HVAEP1_T010035.2	GU128639.1|	94.916	1436	52	2	134	1554	1	1430	0.0	2228
HVAEP1_T010035.2	GQ983384.1|	94.433	1437	59	2	134	1555	1	1431	0.0	2191
HVAEP1_T010052.1	AY559448.1|	97.323	1158	31	0	38	1195	1	1158	0.0	1967
HVAEP1_T010058.2	AM182484.3|	96.839	3385	105	2	7084	10467	5840	9223	0.0	5657
HVAEP1_T010058.2	AM182484.3|	97.404	2388	62	0	1996	4383	554	2941	0.0	4067
HVAEP1_T010058.2	AM182484.3|	97.018	1677	49	1	4376	6051	3000	4676	0.0	2819
HVAEP1_T010058.2	AM182484.3|	97.378	1144	30	0	1	1144	185	1328	0.0	1947
HVAEP1_T010058.2	AM182484.3|	97.401	1039	26	1	6049	7086	4754	5792	0.0	1768
HVAEP1_T010058.2	AM182484.3|	96.316	380	13	1	1619	1997	102	481	1.94e-178	623
HVAEP1_T010058.2	AM182484.3|	95.885	243	10	0	1143	1385	634	876	1.65e-109	394
HVAEP1_T010102.1	GU219981.1|	91.349	289	24	1	509	797	559	846	1.24e-110	394
HVAEP1_T010104.1	AY197743.1|	96.170	731	27	1	59	789	1	730	0.0	1197
HVAEP1_T010132.1	AJ252184.1|	97.086	549	16	0	16	564	1034	486	0.0	926
HVAEP1_T010141.1	LN868221.1|	92.127	1067	65	15	1	1053	5	1066	0.0	1487
HVAEP1_T010150.1	AF295531.1|	95.870	920	34	4	10	926	20	938	0.0	1485
HVAEP1_T010239.1	AY875693.1|	99.596	991	2	2	1	990	134	1123	0.0	1807
HVAEP1_T010457.3	DQ449929.1|	90.788	1205	92	11	865	2061	1	1194	0.0	1592
HVAEP1_T010464.1	DQ449930.1|	86.866	670	71	12	390	1046	1	666	0.0	736
HVAEP1_T010510.1	KC751429.1|	94.006	2836	165	4	116	2950	1	2832	0.0	4290
HVAEP1_T010511.1	LN868227.1|	92.529	870	33	14	26	892	2	842	0.0	1218
HVAEP1_T010590.1	AY609160.1|	88.929	280	23	2	424	697	1	278	5.10e-94	339
HVAEP1_T010601.2	LN868219.1|	95.243	1072	36	9	176	1245	232	1290	0.0	1683
HVAEP1_T010650.1	AY609160.1|	88.929	280	23	2	1158	1431	1	278	1.06e-93	339
HVAEP1_T010665.1	MF805384.1|	95.430	1116	48	1	361	1476	1	1113	0.0	1775
HVAEP1_T010718.1	LN868225.1|	93.131	626	34	3	10	628	1	624	0.0	909
HVAEP1_T010719.1	LN868224.1|	93.082	636	40	4	121	755	2	634	0.0	928
HVAEP1_T010720.1	LN868229.1|	95.294	595	27	1	1	595	48	641	0.0	942
HVAEP1_T010730.1	AF272673.1|	96.219	1349	49	2	341	1687	1	1349	0.0	2207
HVAEP1_T010730.1	MH940211.1|	96.154	1092	42	0	413	1504	1	1092	0.0	1784
HVAEP1_T010738.1	AF162671.1|	97.383	2407	52	5	441	2846	56	2452	0.0	4085
HVAEP1_T010791.1	AB425836.1|	96.552	986	34	0	87	1072	50	1035	0.0	1633
HVAEP1_T010792.1	AB425835.1|	94.602	1130	59	2	1	1128	1	1130	0.0	1748
HVAEP1_T010909.1	AB017511.1|	96.023	3168	121	4	278	3445	34	3196	0.0	5147
HVAEP1_T010911.1	AB017511.1|	86.685	2606	310	25	235	2830	34	2612	0.0	2856
HVAEP1_T010922.1	AM233903.1|	98.222	450	8	0	239	688	1	450	0.0	787
HVAEP1_T010966.1	MT265328.1|	99.142	699	0	1	17	709	1	699	0.0	1253
HVAEP1_T010998.1	MK376915.1|	99.748	1192	1	2	1	1191	52	1242	0.0	2183
HVAEP1_T010998.1	DQ372935.1|	97.148	1192	32	2	1	1191	1	1191	0.0	2012
HVAEP1_T011001.2	MK376929.1|	100.000	1603	0	0	4	1606	1	1603	0.0	2961
HVAEP1_T011001.2	LN868242.1|	91.944	1564	91	20	1	1540	383	1935	0.0	2158
HVAEP1_T011034.1	GANC01000002.1|	74.322	1106	251	25	426	1513	581	1671	3.23e-123	438
HVAEP1_T011152.1	JQ822227.1|	96.359	412	15	0	1	412	14	425	0.0	678
HVAEP1_T011153.1	EU442372.1|	95.853	1712	68	2	260	1968	157	1868	0.0	2765
HVAEP1_T011153.1	AB274032.1|	96.010	1604	64	0	260	1863	157	1760	0.0	2608
HVAEP1_T011228.1	MH940209.1|	93.927	741	45	0	149	889	1	741	0.0	1120
HVAEP1_T011248.1	MG437301.1|	96.831	1925	58	2	647	2568	1	1925	0.0	3214
HVAEP1_T011248.1	JQ994212.1|	99.349	1535	10	0	876	2410	1	1535	0.0	2780
HVAEP1_T011249.1	AF529243.1|	94.908	1139	55	1	25	1160	1	1139	0.0	1779
HVAEP1_T011277.2	LN868228.1|	96.787	1214	30	4	8	1217	44	1252	0.0	2017
HVAEP1_T011290.1	AB426119.1|	95.282	1081	47	3	69	1146	1	1080	0.0	1711
HVAEP1_T011318.1	AF209200.1|	97.099	2034	49	9	1	2027	23	2053	0.0	3421
HVAEP1_T011439.1	KC751430.1|	87.730	1736	210	2	1	1733	691	2426	0.0	2023
HVAEP1_T011440.1	KC751430.1|	90.424	637	54	6	1	630	1	637	0.0	832
HVAEP1_T011443.1	KC751430.1|	95.024	2874	143	0	18	2891	1	2874	0.0	4516
HVAEP1_T011472.2	AF272674.1|	96.715	2740	81	5	172	2908	1	2734	0.0	4553
HVAEP1_T011472.2	GU206563.1|	97.716	832	19	0	753	1584	1	832	0.0	1432
HVAEP1_T011476.1	KC751432.1|	94.701	2793	127	5	10	2793	1	2781	0.0	4318
HVAEP1_T011476.1	KC751431.1|	77.881	972	207	8	1681	2648	1675	2642	3.31e-171	597
HVAEP1_T011483.2	KC751431.1|	94.562	2795	152	0	31	2825	2	2796	0.0	4320
HVAEP1_T011483.2	HM117254.1|	93.587	499	32	0	965	1463	1	499	0.0	745
HVAEP1_T011483.2	KC751432.1|	76.389	1008	229	8	1670	2673	1636	2638	2.71e-152	534
HVAEP1_T011484.1	AY218839.1|	100.000	159	0	0	1	159	70	228	9.19e-81	294
HVAEP1_T011484.1	AY212265.1|	100.000	159	0	0	1	159	72	230	9.19e-81	294
HVAEP1_T011484.1	AY212266.1|	100.000	159	0	0	1	159	33	191	9.19e-81	294
HVAEP1_T011485.1	AY218839.1|	99.034	207	2	0	23	229	22	228	1.56e-104	372
HVAEP1_T011485.1	AY212265.1|	95.671	231	5	3	1	229	3	230	7.26e-103	366
HVAEP1_T011485.1	AY212266.1|	99.412	170	1	0	60	229	22	191	1.24e-85	309
HVAEP1_T011530.1	GQ856264.1|	98.870	531	6	0	1	531	1	531	0.0	948
HVAEP1_T011544.1	AB239698.1|	97.432	740	16	2	54	792	1	738	0.0	1258
HVAEP1_T011553.1	AB425833.1|	95.686	1020	44	0	462	1481	2	1021	0.0	1640
HVAEP1_T011591.1	AY899806.1|	95.366	1899	88	0	214	2112	1479	3377	0.0	3024
HVAEP1_T011591.1	AY899806.1|	95.794	1712	72	0	203	1914	100	1811	0.0	2765
HVAEP1_T011591.1	AY899806.1|	95.548	1707	75	1	214	1919	795	2501	0.0	2734
HVAEP1_T011591.1	AY899806.1|	95.532	1701	76	0	214	1914	1251	2951	0.0	2724
HVAEP1_T011591.1	AY899806.1|	95.532	1701	76	0	214	1914	567	2267	0.0	2723
HVAEP1_T011591.1	AY899806.1|	95.356	1701	79	0	214	1914	339	2039	0.0	2706
HVAEP1_T011591.1	AY899806.1|	95.297	1701	80	0	214	1914	1023	2723	0.0	2702
HVAEP1_T011591.1	AY899806.1|	95.655	1473	64	0	442	1914	111	1583	0.0	2366
HVAEP1_T011591.1	AY899806.1|	95.248	1473	70	0	214	1686	1707	3179	0.0	2335
HVAEP1_T011591.1	AY899806.1|	96.145	1245	48	0	670	1914	111	1355	0.0	2034
HVAEP1_T011591.1	AY899806.1|	95.020	1245	62	0	214	1458	1935	3179	0.0	1958
HVAEP1_T011591.1	AY899806.1|	95.308	1023	47	1	898	1919	111	1133	0.0	1622
HVAEP1_T011591.1	AY899806.1|	94.690	1017	54	0	214	1230	2163	3179	0.0	1581
HVAEP1_T011591.1	AY899806.1|	95.691	789	34	0	1126	1914	111	899	0.0	1269
HVAEP1_T011591.1	AY899806.1|	94.043	789	47	0	214	1002	2391	3179	0.0	1199
HVAEP1_T011591.1	AY899806.1|	94.474	561	31	0	1354	1914	111	671	0.0	865
HVAEP1_T011591.1	AY899806.1|	94.118	561	33	0	214	774	2619	3179	0.0	854
HVAEP1_T011591.1	AY899806.1|	92.492	333	25	0	1582	1914	111	443	3.19e-135	477
HVAEP1_T011591.1	AY899806.1|	91.279	344	27	1	214	554	2847	3190	6.91e-132	466
HVAEP1_T011592.1	AB017512.1|	96.385	4371	132	8	151	4508	1	4358	0.0	7173
HVAEP1_T011613.1	AY263364.1|	96.662	1408	24	8	1	1405	1	1388	0.0	2318
HVAEP1_T011623.1	AF114441.1|	96.349	1342	47	2	280	1620	7	1347	0.0	2206
HVAEP1_T011641.2	AB426122.1|	95.639	986	40	1	296	1281	89	1071	0.0	1580
HVAEP1_T011671.1	LN868222.1|	92.137	1081	51	18	61	1127	1	1061	0.0	1495
HVAEP1_T011728.1	AY220615.1|	92.103	975	77	0	517	1491	1	975	0.0	1375
HVAEP1_T011729.1	AY220615.1|	92.103	975	77	0	150	1124	1	975	0.0	1375
HVAEP1_T011731.1	AY220615.1|	95.077	975	48	0	323	1297	1	975	0.0	1535
HVAEP1_T011791.1	MT559336.1|	98.423	444	4	1	1	444	1	441	0.0	778
HVAEP1_T011792.1	MT559336.1|	99.229	389	3	0	2	390	1	389	0.0	702
HVAEP1_T011795.1	MT559335.1|	98.396	374	6	0	49	422	1	374	0.0	658
HVAEP1_T011796.1	MT559335.1|	100.000	374	0	0	54	427	1	374	0.0	691
HVAEP1_T012000.1	MF170902.1|	90.920	837	70	4	5	841	1	831	0.0	1120
HVAEP1_T012073.1	U36781.1|	96.391	2909	82	10	62	2951	147	3051	0.0	4769
HVAEP1_T012073.1	U38624.1|	97.434	2572	56	4	69	2632	19	2588	0.0	4375
HVAEP1_T012073.1	GQ853056.1|	97.214	359	10	0	703	1061	1	359	1.52e-174	608
HVAEP1_T012093.1	KC788277.1|	98.782	1806	1	1	129	1934	1	1785	0.0	3193
HVAEP1_T012407.1	AB509418.1|	94.249	1652	92	3	316	1964	1	1652	0.0	2521
HVAEP1_T012407.1	AB509419.1|	86.313	1359	169	6	316	1658	1	1358	0.0	1463
HVAEP1_T012425.1	AB022862.1|	93.202	662	36	7	7893	8547	1	660	0.0	965
HVAEP1_T012425.1	AB022862.1|	92.749	662	39	7	9912	10566	1	660	0.0	948
HVAEP1_T012425.1	AB022862.1|	92.598	662	40	7	8856	9510	1	660	0.0	942
HVAEP1_T012425.1	AB022862.1|	92.598	662	40	7	9384	10038	1	660	0.0	942
HVAEP1_T012425.1	AB022862.1|	87.377	507	52	10	7522	8019	157	660	9.31e-163	571
HVAEP1_T012425.1	AB022862.1|	81.290	620	108	6	7645	8259	17	633	5.76e-140	496
HVAEP1_T012425.1	AB022862.1|	91.935	310	17	6	8680	8982	352	660	2.13e-119	427
HVAEP1_T012425.1	AB022862.1|	91.481	270	21	2	8421	8689	1	269	3.64e-102	370
HVAEP1_T012457.1	KR063225.1|	85.117	598	85	3	184	779	1	596	5.22e-175	608
HVAEP1_T012495.1	LN868236.1|	92.038	10136	756	19	91	10202	326	10434	0.0	14200
HVAEP1_T012497.1	LN868236.1|	93.321	539	34	2	123	661	313	849	0.0	795
HVAEP1_T012499.1	LN868236.1|	93.660	5552	333	7	122	5671	850	6384	0.0	8285
HVAEP1_T012499.1	LN868236.1|	92.742	372	25	2	5966	6336	6875	7245	1.57e-152	536
HVAEP1_T012499.1	LN868236.1|	95.318	299	14	0	5671	5969	6429	6727	3.47e-134	475
HVAEP1_T012500.1	LN868236.1|	95.752	1177	49	1	1050	2225	8603	9779	0.0	1895
HVAEP1_T012500.1	LN868236.1|	91.056	928	79	4	2226	3151	9887	10812	0.0	1251
HVAEP1_T012500.1	LN868236.1|	96.237	558	18	1	497	1051	7864	8421	0.0	911
HVAEP1_T012500.1	LN868236.1|	92.385	499	38	0	1	499	7284	7782	0.0	712
HVAEP1_T012627.1	AY461595.1|	96.608	1975	64	2	2281	4252	1	1975	0.0	3282
HVAEP1_T012633.4	HM237365.1|	98.422	507	8	0	1701	2207	1	507	0.0	893
HVAEP1_T012832.1	AF155127.1|	96.213	581	22	0	285	865	453	1033	0.0	952
HVAEP1_T012838.1	AB047382.1|	94.830	2669	93	19	161	2820	76	2708	0.0	4122
HVAEP1_T012838.1	JX118846.1|	99.434	2119	8	3	799	2915	88	2204	0.0	3843
HVAEP1_T012889.1	AF418560.1|	98.936	846	9	0	1	846	23	868	0.0	1513
HVAEP1_T012913.1	AB006555.1|	98.416	884	14	0	1837	2720	3	886	0.0	1555
HVAEP1_T013001.1	MK123983.1|	95.020	1225	41	7	38	1243	1	1224	0.0	1906
HVAEP1_T013036.1	AB017513.1|	95.458	2488	97	6	301	2785	112	2586	0.0	3954
HVAEP1_T013037.1	AB017513.1|	84.759	2093	299	17	491	2573	277	2359	0.0	2080
HVAEP1_T013048.1	AB047383.1|	94.909	3084	144	7	1	3073	28	3109	0.0	4813
HVAEP1_T013087.1	AF162688.1|	95.743	1621	64	4	223	1839	1	1620	0.0	2606
HVAEP1_T013087.1	HQ395227.1|	95.455	880	40	0	763	1642	1	880	0.0	1404
HVAEP1_T013173.3	AB274035.1|	97.678	2369	55	0	721	3089	1	2369	0.0	4071
HVAEP1_T013173.3	HM117256.1|	96.410	585	21	0	1885	2469	1	585	0.0	965
HVAEP1_T013231.1	AB274033.1|	96.974	661	20	0	933	1593	1	661	0.0	1110
HVAEP1_T013266.1	M64611.1|	94.681	470	24	1	2235	2704	277	745	0.0	728
HVAEP1_T013266.1	M64611.1|	93.023	258	17	1	1879	2136	21	277	1.55e-104	375
HVAEP1_T013271.1	M64611.1|	91.071	392	35	0	99	490	277	668	6.09e-152	531
HVAEP1_T013349.1	AF060949.1|	97.667	1200	28	0	1	1200	49	1248	0.0	2061
HVAEP1_T013350.1	AF060949.1|	97.531	648	16	0	1	648	1276	1923	0.0	1109
HVAEP1_T013355.1	AF060949.1|	94.647	934	50	0	2	935	995	1928	0.0	1448
HVAEP1_T013366.1	AF060949.1|	94.384	926	52	0	3986	4911	997	1922	0.0	1423
HVAEP1_T013368.1	AB037080.1|	96.378	1684	50	5	43	1716	2	1684	0.0	2761
HVAEP1_T013430.1	DQ286053.1|	97.917	432	9	0	1581	2012	11	442	0.0	749
HVAEP1_T013440.1	JQ994209.1|	99.942	1733	1	0	326	2058	3	1735	0.0	3195
HVAEP1_T013452.1	HQ660072.1|	98.362	1038	14	1	283	1320	1	1035	0.0	1820
HVAEP1_T013793.1	MF170904.1|	97.101	1449	42	0	168	1616	1	1449	0.0	2444
HVAEP1_T014148.1	FJ823136.1|	97.817	1374	30	0	47	1420	1	1374	0.0	2372
HVAEP1_T014162.1	HQ660066.1|	92.904	916	63	2	174	1088	1	915	0.0	1330
HVAEP1_T014214.2	GU219980.1|	94.358	709	29	4	257	956	1	707	0.0	1077
HVAEP1_T014486.1	MF805375.1|	95.494	1154	52	0	1	1154	1	1154	0.0	1844
HVAEP1_T014533.1	AB050603.1|	90.404	1261	112	8	1	1256	2	1258	0.0	1650
HVAEP1_T014537.1	AB050605.1|	86.289	919	114	10	78	993	60	969	0.0	989
HVAEP1_T014539.1	AB050605.1|	82.893	643	104	4	40	682	81	717	1.28e-164	573
HVAEP1_T014550.1	AB050605.1|	87.313	268	34	0	119	386	691	958	8.05e-85	307
HVAEP1_T014551.1	AB050605.1|	91.046	927	83	0	1	927	57	983	0.0	1253
HVAEP1_T014693.1	U60651.1|	98.124	693	13	0	119	811	1	693	0.0	1208
HVAEP1_T014742.1	AB006540.1|	97.968	935	19	0	416	1350	1	935	0.0	1622
HVAEP1_T014774.1	DQ286057.1|	97.910	2105	41	3	1991	4095	13	2114	0.0	3640
HVAEP1_T014774.1	L35595.1|	98.085	1619	28	3	2477	4095	1	1616	0.0	2815
HVAEP1_T014808.2	DQ286050.1|	98.246	342	6	0	319	660	12	353	3.62e-172	599
HVAEP1_T014871.1	MF805382.1|	94.604	1112	60	0	16	1127	1	1112	0.0	1722
HVAEP1_T014873.1	MF805376.1|	92.647	1224	84	4	166	1383	1	1224	0.0	1757
HVAEP1_T014873.1	MF805378.1|	92.118	1218	93	1	166	1383	1	1215	0.0	1714
HVAEP1_T014873.1	MF805377.1|	91.783	1144	90	4	173	1314	8	1149	0.0	1589
HVAEP1_T014874.1	MF805380.1|	94.857	1011	52	0	140	1150	168	1178	0.0	1580
HVAEP1_T014877.1	MF805377.1|	92.727	1155	84	0	203	1357	1	1155	0.0	1668
HVAEP1_T014877.1	MF805376.1|	90.939	1225	103	6	203	1420	1	1224	0.0	1640
HVAEP1_T014877.1	MF805378.1|	90.074	1219	116	4	203	1420	1	1215	0.0	1576
HVAEP1_T014878.1	MF805379.1|	94.931	1164	59	0	59	1222	1	1164	0.0	1823
HVAEP1_T014878.1	MF805380.1|	77.645	1087	231	12	136	1216	87	1167	0.0	651
HVAEP1_T014937.1	JQ994223.1|	90.388	645	59	3	972	1615	423	1065	0.0	845
HVAEP1_T014937.1	JQ994223.1|	89.277	429	42	4	1263	1688	628	1055	2.08e-152	534
HVAEP1_T014937.1	JQ994223.1|	88.235	425	47	3	1433	1856	633	1055	1.63e-143	505
HVAEP1_T014937.1	JQ994223.1|	88.067	419	46	4	1356	1772	639	1055	3.53e-140	494
HVAEP1_T014937.1	JQ994223.1|	89.896	386	35	3	1557	1940	672	1055	3.53e-140	494
HVAEP1_T014937.1	JQ994223.1|	89.150	341	35	2	1641	1980	672	1011	4.70e-119	424
HVAEP1_T014937.1	JQ994223.1|	88.663	344	38	1	1188	1531	723	1065	2.19e-117	418
HVAEP1_T014937.1	JQ994223.1|	87.241	290	33	4	1692	1979	639	926	3.79e-90	327
HVAEP1_T014937.1	JQ994223.1|	90.244	246	24	0	1191	1436	810	1055	1.76e-88	322
HVAEP1_T014939.1	JQ994223.1|	99.456	551	3	0	1	551	172	722	0.0	1002
HVAEP1_T014960.2	MF805383.1|	93.408	1335	88	0	1	1335	1	1335	0.0	1978
HVAEP1_T015263.1	DQ286056.1|	95.139	720	24	6	1	720	1	709	0.0	1125
HVAEP1_T015264.1	DQ286056.1|	97.313	335	9	0	1486	1820	1	335	5.94e-163	569
HVAEP1_T015264.1	DQ286056.1|	94.022	368	11	6	1885	2252	328	684	2.78e-156	547
HVAEP1_T015369.1	JQ994216.1|	100.000	2760	0	0	189	2948	9	2768	0.0	5097
HVAEP1_T015382.2	HQ660067.1|	95.548	1797	68	1	14	1798	1	1797	0.0	2865
HVAEP1_T015479.1	Y12857.1|	97.942	2041	42	0	168	2208	21	2061	0.0	3537
HVAEP1_T015479.1	Y12858.1|	95.702	2094	79	6	259	2350	301	2385	0.0	3358
HVAEP1_T015498.1	DQ286058.1|	95.699	279	11	1	1053	1331	3	280	1.57e-126	448
HVAEP1_T015715.1	MK376925.1|	100.000	1429	0	0	12	1440	1	1429	0.0	2639
HVAEP1_T015935.1	MK648246.1|	100.000	648	0	0	48	695	1	648	0.0	1197
HVAEP1_T016096.1	AY159357.1|	96.767	464	13	2	270	733	1	462	0.0	773
HVAEP1_T016164.1	MK376931.1|	100.000	874	0	0	1	874	40	913	0.0	1615
HVAEP1_T016165.1	AF307098.1|	92.417	633	38	5	14	638	19	649	0.0	894
HVAEP1_T016165.1	AB485693.1|	92.270	608	36	5	37	635	1	606	0.0	852
HVAEP1_T016173.1	AB018544.1|	94.567	589	24	3	340	925	36	619	0.0	904
HVAEP1_T016189.1	U59448.1|	96.192	2547	97	0	353	2899	1	2547	0.0	4167
HVAEP1_T016216.2	EF370474.1|	96.052	2001	77	2	1	2000	40	2039	0.0	3256
HVAEP1_T016323.3	AB239697.1|	97.262	1388	36	2	312	1698	1	1387	0.0	2355
HVAEP1_T016332.1	DQ449928.1|	93.579	1464	85	3	1	1461	1	1458	0.0	2174
HVAEP1_T016387.2	JN036823.1|	95.773	2744	105	4	255	2995	133	2868	0.0	4414
HVAEP1_T016398.1	AF183398.1|	93.622	784	32	9	284	1058	14	788	0.0	1155
HVAEP1_T016766.3	AB823952.1|	94.244	1963	89	13	621	2577	230	2174	0.0	2977
HVAEP1_T016922.1	AB840996.1|	96.809	4638	139	7	2	4635	48	4680	0.0	7736
HVAEP1_T017068.1	AF306544.1|	97.200	1357	34	2	151	1504	137	1492	0.0	2292
HVAEP1_T017148.1	AB006541.1|	97.782	992	22	0	527	1518	1	992	0.0	1711
HVAEP1_T017164.1	L22612.2|	80.959	772	132	8	2262	3018	3183	3954	3.75e-171	597
HVAEP1_T017220.1	Y11680.1|	86.431	737	74	18	210	936	1	721	0.0	784
HVAEP1_T017220.1	Y11680.1|	94.855	447	23	0	593	1039	846	1292	0.0	699
HVAEP1_T017220.1	Y11680.1|	92.442	344	26	0	593	936	612	955	6.07e-140	492
HVAEP1_T017220.1	Y11680.1|	92.151	344	27	0	593	936	729	1072	2.82e-138	486
HVAEP1_T017220.1	Y11680.1|	91.520	342	29	0	595	936	497	838	7.90e-134	472
HVAEP1_T017220.1	Y11680.1|	91.014	345	31	0	592	936	260	604	3.68e-132	466
HVAEP1_T017220.1	Y11680.1|	91.630	227	19	0	593	819	963	1189	1.41e-86	315
HVAEP1_T017227.1	Y11679.1|	95.385	520	24	0	15	534	105	624	0.0	828
HVAEP1_T017228.1	Y11678.1|	96.800	500	16	0	3458	3957	10	509	0.0	835
HVAEP1_T017273.1	AF230482.1|	96.356	5187	155	14	728	5899	700	5867	0.0	8501
HVAEP1_T017273.1	AF230482.1|	93.352	1053	50	6	1	1044	26	1067	0.0	1539
HVAEP1_T017288.1	AB006552.1|	96.445	422	15	0	2027	2448	1	422	0.0	697
HVAEP1_T017288.1	AF060948.1|	97.423	194	5	0	2000	2193	2	195	3.05e-91	331
HVAEP1_T017352.2	L22612.2|	77.788	1076	207	22	1715	2765	2948	4016	0.0	634
HVAEP1_T017401.1	JQ066820.1|	96.155	4759	181	2	391	5148	1	4758	0.0	7773
HVAEP1_T017404.1	JQ004403.1|	97.567	2178	50	2	39	2216	1	2175	0.0	3725
HVAEP1_T017412.1	AB049833.1|	97.613	377	9	0	448	824	1	377	0.0	647
HVAEP1_T017429.1	MF805371.1|	94.559	1066	58	0	26	1091	1	1066	0.0	1648
HVAEP1_T017430.1	KJ672500.1|	96.687	483	16	0	290	772	1	483	0.0	804
HVAEP1_T017430.1	AM233902.1|	96.480	483	17	0	290	772	1	483	0.0	798
HVAEP1_T017431.1	JX310798.1|	91.705	1085	90	0	1	1085	1	1085	0.0	1506
HVAEP1_T017431.1	JX310797.1|	88.920	1056	112	3	1	1052	1	1055	0.0	1297
HVAEP1_T017432.1	JX310797.1|	91.912	1051	85	0	13	1063	22	1072	0.0	1471
HVAEP1_T017432.1	JX310798.1|	87.905	1050	122	4	13	1061	22	1067	0.0	1230
HVAEP1_T017433.1	JN411716.2|	97.281	2280	62	0	17328	19607	1	2280	0.0	3868
HVAEP1_T017625.1	Y12237.1|	96.033	2092	71	8	89	2170	8	2097	0.0	3393
HVAEP1_T017661.1	U22380.2|	97.464	907	22	1	34	939	1	907	0.0	1546
HVAEP1_T017684.1	MK648245.1|	100.000	504	0	0	92	595	1	504	0.0	931
HVAEP1_T017688.1	L22612.2|	83.062	1228	181	18	419	1620	2953	4179	0.0	1090
HVAEP1_T017691.1	L22612.2|	76.056	2226	443	58	1	2190	106	2277	0.0	1075
HVAEP1_T017697.1	L22612.2|	78.916	2713	490	52	1	2678	106	2771	0.0	1766
HVAEP1_T017697.1	L22612.2|	82.716	1296	183	27	3326	4593	2792	4074	0.0	1114
HVAEP1_T017808.1	X70840.1|	96.850	762	24	0	1	762	102	863	0.0	1275
HVAEP1_T017812.1	JQ994215.1|	99.955	2230	0	1	32	2261	1	2229	0.0	4111
HVAEP1_T017817.2	L22612.2|	85.307	667	90	7	2506	3168	3445	4107	0.0	682
HVAEP1_T017821.1	L22612.2|	81.752	1381	202	28	102	1449	2793	4156	0.0	1109
HVAEP1_T017822.1	L22612.2|	80.883	1517	249	22	1	1510	346	1828	0.0	1157
HVAEP1_T017947.1	FJ517731.1|	100.000	399	0	0	1	399	1	399	0.0	737
HVAEP1_T017947.1	FJ517726.1|	95.739	399	17	0	1	399	1	399	0.0	643
HVAEP1_T017947.1	FJ517727.1|	94.192	396	23	0	1	396	1	396	2.55e-174	604
HVAEP1_T017948.1	FJ517731.1|	100.000	399	0	0	1	399	1	399	0.0	737
HVAEP1_T017948.1	FJ517726.1|	95.739	399	17	0	1	399	1	399	0.0	643
HVAEP1_T017948.1	FJ517727.1|	94.192	396	23	0	1	396	1	396	2.55e-174	604
HVAEP1_T017949.1	FJ517731.1|	100.000	243	0	0	31	273	157	399	8.48e-128	449
HVAEP1_T017949.1	FJ517726.1|	97.942	243	5	0	31	273	157	399	1.85e-119	422
HVAEP1_T017949.1	FJ517732.1|	97.531	243	6	0	31	273	145	387	8.60e-118	416
HVAEP1_T017950.1	FJ517731.1|	99.029	309	0	2	10	315	91	399	2.63e-158	551
HVAEP1_T017950.1	FJ517726.1|	96.382	304	9	1	14	315	96	399	9.67e-143	499
HVAEP1_T017950.1	FJ517732.1|	95.469	309	11	2	10	315	79	387	5.82e-140	490
HVAEP1_T017951.1	FJ517731.1|	100.000	243	0	0	31	273	157	399	8.48e-128	449
HVAEP1_T017951.1	FJ517726.1|	97.942	243	5	0	31	273	157	399	1.85e-119	422
HVAEP1_T017951.1	FJ517732.1|	97.531	243	6	0	31	273	145	387	8.60e-118	416
HVAEP1_T017952.1	FJ517731.1|	100.000	243	0	0	31	273	157	399	8.48e-128	449
HVAEP1_T017952.1	FJ517726.1|	97.942	243	5	0	31	273	157	399	1.85e-119	422
HVAEP1_T017952.1	FJ517732.1|	97.531	243	6	0	31	273	145	387	8.60e-118	416
HVAEP1_T017953.1	FJ517731.1|	100.000	399	0	0	1	399	1	399	0.0	737
HVAEP1_T017953.1	FJ517726.1|	95.739	399	17	0	1	399	1	399	0.0	643
HVAEP1_T017953.1	FJ517727.1|	94.192	396	23	0	1	396	1	396	2.55e-174	604
HVAEP1_T017954.1	FJ517731.1|	100.000	243	0	0	31	273	157	399	8.48e-128	449
HVAEP1_T017954.1	FJ517726.1|	97.942	243	5	0	31	273	157	399	1.85e-119	422
HVAEP1_T017954.1	FJ517732.1|	97.531	243	6	0	31	273	145	387	8.60e-118	416
HVAEP1_T017955.1	FJ517731.1|	100.000	399	0	0	1	399	1	399	0.0	737
HVAEP1_T017955.1	FJ517726.1|	95.739	399	17	0	1	399	1	399	0.0	643
HVAEP1_T017955.1	FJ517727.1|	94.192	396	23	0	1	396	1	396	2.55e-174	604
HVAEP1_T017956.1	FJ517731.1|	99.029	309	0	2	10	315	91	399	2.63e-158	551
HVAEP1_T017956.1	FJ517726.1|	96.382	304	9	1	14	315	96	399	9.67e-143	499
HVAEP1_T017956.1	FJ517732.1|	95.469	309	11	2	10	315	79	387	5.82e-140	490
HVAEP1_T017957.1	FJ517731.1|	99.029	309	0	2	10	315	91	399	2.63e-158	551
HVAEP1_T017957.1	FJ517726.1|	96.382	304	9	1	14	315	96	399	9.67e-143	499
HVAEP1_T017957.1	FJ517732.1|	95.469	309	11	2	10	315	79	387	5.82e-140	490
HVAEP1_T017958.1	FJ517731.1|	100.000	399	0	0	1	399	1	399	0.0	737
HVAEP1_T017958.1	FJ517726.1|	95.739	399	17	0	1	399	1	399	0.0	643
HVAEP1_T017958.1	FJ517727.1|	94.192	396	23	0	1	396	1	396	2.55e-174	604
HVAEP1_T017959.1	FJ517731.1|	99.029	309	0	2	10	315	91	399	2.63e-158	551
HVAEP1_T017959.1	FJ517726.1|	96.382	304	9	1	14	315	96	399	9.67e-143	499
HVAEP1_T017959.1	FJ517732.1|	95.469	309	11	2	10	315	79	387	5.82e-140	490
HVAEP1_T017960.1	FJ517731.1|	100.000	399	0	0	1	399	1	399	0.0	737
HVAEP1_T017960.1	FJ517726.1|	95.739	399	17	0	1	399	1	399	0.0	643
HVAEP1_T017960.1	FJ517727.1|	94.192	396	23	0	1	396	1	396	2.55e-174	604
HVAEP1_T017988.1	FJ517732.1|	100.000	387	0	0	1	387	1	387	0.0	715
HVAEP1_T017988.1	FJ517727.1|	94.444	396	10	1	1	384	1	396	1.15e-172	599
HVAEP1_T017988.1	FJ517731.1|	93.484	399	14	2	1	387	1	399	1.16e-167	582
HVAEP1_T017989.1	FJ517732.1|	99.344	305	0	1	31	333	83	387	4.38e-158	551
HVAEP1_T017989.1	FJ517727.1|	97.682	302	5	1	31	330	95	396	4.44e-148	518
HVAEP1_T017989.1	FJ517731.1|	95.738	305	11	1	31	333	95	399	9.69e-140	490
HVAEP1_T017990.1	FJ517732.1|	100.000	387	0	0	1	387	1	387	0.0	715
HVAEP1_T017990.1	FJ517727.1|	94.444	396	10	1	1	384	1	396	1.15e-172	599
HVAEP1_T017990.1	FJ517731.1|	93.484	399	14	2	1	387	1	399	1.16e-167	582
HVAEP1_T017991.1	FJ517732.1|	100.000	387	0	0	1	387	1	387	0.0	715
HVAEP1_T017991.1	FJ517727.1|	94.444	396	10	1	1	384	1	396	1.15e-172	599
HVAEP1_T017991.1	FJ517731.1|	93.484	399	14	2	1	387	1	399	1.16e-167	582
HVAEP1_T017992.1	FJ517732.1|	100.000	387	0	0	1	387	1	387	0.0	715
HVAEP1_T017992.1	FJ517727.1|	94.444	396	10	1	1	384	1	396	1.15e-172	599
HVAEP1_T017992.1	FJ517731.1|	93.484	399	14	2	1	387	1	399	1.16e-167	582
HVAEP1_T017993.1	FJ517732.1|	100.000	387	0	0	1	387	1	387	0.0	715
HVAEP1_T017993.1	FJ517727.1|	94.444	396	10	1	1	384	1	396	1.15e-172	599
HVAEP1_T017993.1	FJ517731.1|	93.484	399	14	2	1	387	1	399	1.16e-167	582
HVAEP1_T017994.1	FJ517732.1|	100.000	387	0	0	1	387	1	387	0.0	715
HVAEP1_T017994.1	FJ517727.1|	94.444	396	10	1	1	384	1	396	1.15e-172	599
HVAEP1_T017994.1	FJ517731.1|	93.484	399	14	2	1	387	1	399	1.16e-167	582
HVAEP1_T017995.1	FJ517732.1|	100.000	387	0	0	1	387	1	387	0.0	715
HVAEP1_T017995.1	FJ517727.1|	94.444	396	10	1	1	384	1	396	1.15e-172	599
HVAEP1_T017995.1	FJ517731.1|	93.484	399	14	2	1	387	1	399	1.16e-167	582
HVAEP1_T017996.1	FJ517732.1|	100.000	387	0	0	1	387	1	387	0.0	715
HVAEP1_T017996.1	FJ517727.1|	94.444	396	10	1	1	384	1	396	1.15e-172	599
HVAEP1_T017996.1	FJ517731.1|	93.484	399	14	2	1	387	1	399	1.16e-167	582
HVAEP1_T018128.1	U53444.1|	96.839	1297	41	0	1100	2396	85	1381	0.0	2169
HVAEP1_T018878.1	JX118847.1|	98.786	3131	29	5	390	3517	105	3229	0.0	5563
HVAEP1_T018878.1	KF411461.1|	95.079	3150	115	18	390	3517	66	3197	0.0	4922
HVAEP1_T018878.1	AB840994.1|	95.049	3151	116	18	390	3518	65	3197	0.0	4920
HVAEP1_T018898.1	DQ286045.1|	82.804	913	143	12	854	1757	1115	2022	0.0	804
HVAEP1_T019038.1	GU128638.1|	94.706	1209	40	1	84	1268	1	1209	0.0	1857
HVAEP1_T019104.1	KY053287.1|	97.015	402	12	0	22	423	1	402	0.0	676
HVAEP1_T019222.1	DQ518873.1|	94.577	922	47	3	449	1368	18	938	0.0	1423
HVAEP1_T019223.1	AB823959.1|	91.182	499	44	0	631	1129	27	525	0.0	678
HVAEP1_T019228.1	EU787494.1|	99.789	474	1	0	249	722	1	474	0.0	870
HVAEP1_T019426.1	EU787490.1|	94.514	802	16	7	344	1129	153	942	0.0	1212
HVAEP1_T019426.1	EF624460.1|	93.844	731	17	7	344	1058	68	786	0.0	1075
HVAEP1_T019450.1	AM393880.1|	94.788	1746	76	7	1	1738	33	1771	0.0	2706
HVAEP1_T019450.1	HG422730.1|	85.217	1407	200	8	202	1604	228	1630	0.0	1439
HVAEP1_T019451.1	HG422730.1|	93.691	1791	79	6	8	1779	121	1896	0.0	2651
HVAEP1_T019451.1	AM393880.1|	84.240	1415	211	11	116	1524	220	1628	0.0	1367
HVAEP1_T019454.1	AM393881.1|	94.414	1647	74	8	250	1881	53	1696	0.0	2521
HVAEP1_T019457.1	HG422728.1|	96.531	1355	47	0	191	1545	8	1362	0.0	2242
HVAEP1_T019458.1	AM393880.1|	94.619	669	36	0	1	669	366	1034	0.0	1037
HVAEP1_T019458.1	HG422730.1|	83.905	671	104	4	1	669	367	1035	0.0	638
HVAEP1_T019460.1	AM393881.1|	94.494	672	37	0	1	672	295	966	0.0	1037
HVAEP1_T019461.1	AM393881.1|	94.898	196	10	0	530	725	974	1169	1.50e-84	307
HVAEP1_T019462.1	HG422728.1|	95.692	441	18	1	8	447	316	756	0.0	708
HVAEP1_T019463.1	HG422728.1|	97.030	606	18	0	96	701	757	1362	0.0	1020
HVAEP1_T019465.1	HG422729.1|	96.277	1370	51	0	103	1472	5	1374	0.0	2248
HVAEP1_T019542.1	AB047581.1|	97.295	1146	27	3	112	1257	296	1437	0.0	1941
HVAEP1_T019542.1	AB047582.1|	97.464	631	16	0	264	894	1	631	0.0	1077
HVAEP1_T019587.1	FJ156099.1|	96.811	533	2	1	197	729	1	518	0.0	876
HVAEP1_T019587.1	EU170504.1|	99.333	450	3	0	171	620	1	450	0.0	815
HVAEP1_T019643.1	MK376923.1|	99.805	1536	3	0	267	1802	1	1536	0.0	2820
HVAEP1_T019666.1	LN868235.1|	90.872	3659	303	27	366	4012	206	3845	0.0	4878
HVAEP1_T019687.1	KU981065.1|	95.033	765	38	0	849	1613	1	765	0.0	1203
HVAEP1_T019688.1	KU981065.1|	82.171	774	123	10	208	975	1	765	0.0	651
HVAEP1_T019705.1	FJ517729.1|	99.790	477	1	0	192	668	1	477	0.0	876
HVAEP1_T019705.1	FJ517724.1|	93.291	477	32	0	192	668	1	477	0.0	704
HVAEP1_T019705.1	FJ517725.1|	93.291	477	32	0	192	668	1	477	0.0	704
HVAEP1_T019715.1	FJ517730.1|	99.371	477	3	0	1	477	1	477	0.0	865
HVAEP1_T019715.1	FJ517725.1|	94.969	477	24	0	1	477	1	477	0.0	749
HVAEP1_T019715.1	AY649787.2|	93.920	477	29	0	1	477	1	477	0.0	721
HVAEP1_T019823.3	JQ994224.1|	99.815	1083	1	1	294	1375	1	1083	0.0	1988
HVAEP1_T019837.6	X83872.1|	97.759	714	16	0	103	816	8	721	0.0	1230
HVAEP1_T019867.1	AJ252183.1|	94.776	402	18	1	780	1178	1	402	2.94e-179	623
HVAEP1_T019896.1	LN868249.1|	96.344	2626	94	2	1	2625	1	2625	0.0	4316
HVAEP1_T019956.1	FJ517733.1|	99.231	390	3	0	54	443	1	390	0.0	704
HVAEP1_T019956.1	FJ517728.1|	95.128	390	19	0	54	443	1	390	1.31e-177	616
HVAEP1_T020087.1	KY646162.1|	96.963	2898	88	0	187	3084	1	2898	0.0	4865
HVAEP1_T020103.1	AJ005934.1|	91.710	386	31	1	165	550	2187	2571	6.03e-153	534
HVAEP1_T020105.1	AJ005934.1|	89.974	389	32	2	17	399	2188	2575	1.63e-141	496
HVAEP1_T020114.1	AF140020.1|	93.230	1477	100	0	1	1477	19	1495	0.0	2174
HVAEP1_T020115.2	AF140020.1|	97.772	1436	32	0	1	1436	19	1454	0.0	2475
HVAEP1_T020130.1	MK648243.1|	100.000	1092	0	0	248	1339	1	1092	0.0	2017
HVAEP1_T020174.3	AM393879.1|	96.710	2006	44	11	9	1993	1	2005	0.0	3319
HVAEP1_T020175.1	JN411718.2|	97.736	2385	54	0	285	2669	1	2385	0.0	4106
HVAEP1_T020184.1	AF435864.1|	98.211	1509	22	2	1	1507	68	1573	0.0	2632
HVAEP1_T020189.1	AY458134.2|	95.021	482	24	0	1	482	24	505	0.0	758
HVAEP1_T020190.1	AY458134.2|	96.178	314	11	1	1	313	662	975	1.24e-146	512
HVAEP1_T020195.2	AY458134.2|	93.923	1086	54	4	47	1130	1	1076	0.0	1629
HVAEP1_T020265.1	AY032618.1|	95.950	642	22	2	8	645	23	664	0.0	1038
HVAEP1_T020291.2	AF525468.1|	97.018	4494	113	7	305	4798	1	4473	0.0	7537
HVAEP1_T020291.2	AB008933.1|	97.708	1396	32	0	485	1880	1	1396	0.0	2401
HVAEP1_T020291.2	AB008932.1|	98.085	940	18	0	550	1489	1	940	0.0	1637
HVAEP1_T020311.1	DQ679809.1|	97.363	4209	104	5	362	4567	10	4214	0.0	7151
HVAEP1_T020311.1	AB008934.1|	97.358	795	21	0	3062	3856	1	795	0.0	1352
HVAEP1_T020391.1	DQ679808.1|	97.406	347	8	1	1	347	5303	5648	9.45e-170	590
HVAEP1_T020392.1	DQ679808.1|	96.867	3224	100	1	3429	6651	2050	5273	0.0	5393
HVAEP1_T020392.1	DQ679808.1|	97.206	1718	47	1	1553	3269	335	2052	0.0	2905
HVAEP1_T020392.1	DQ679808.1|	96.970	231	7	0	1325	1555	9	239	4.88e-108	388
HVAEP1_T020394.1	MH940207.1|	95.781	474	20	0	120	593	1	474	0.0	765
HVAEP1_T020562.1	AB040074.1|	95.625	320	14	0	1	320	50	369	4.44e-147	514
HVAEP1_T020623.1	AM233513.2|	96.292	2886	106	1	97	2982	2	2886	0.0	4735
HVAEP1_T020635.1	LN868223.1|	89.498	857	60	14	1	853	1	831	0.0	1057
HVAEP1_T020645.1	LN868223.1|	88.747	862	60	21	11	867	2	831	0.0	1020
HVAEP1_T020649.3	KR024036.1|	96.367	1211	44	0	701	1911	332	1542	0.0	1993
HVAEP1_T020649.3	KR024036.1|	96.687	332	8	1	100	428	1	332	7.25e-157	549
HVAEP1_T020649.3	KR024036.1|	87.050	278	36	0	1244	1521	929	1206	2.88e-86	315
HVAEP1_T020790.1	KU981065.1|	79.534	772	148	8	359	1128	1	764	6.63e-155	542
HVAEP1_T020801.1	DQ679807.1|	96.758	4627	141	3	161	4778	1	4627	0.0	7705
HVAEP1_T020835.1	L22787.1|	90.887	1251	63	17	121	1353	1	1218	0.0	1631
HVAEP1_T020835.1	KR063226.1|	92.778	817	29	1	142	958	1	787	0.0	1155
HVAEP1_T020956.1	GU208869.1|	92.301	1221	61	11	429	1625	1	1212	0.0	1703
HVAEP1_T020956.1	HQ660071.1|	92.176	1227	60	13	429	1631	1	1215	0.0	1701
HVAEP1_T020967.2	DQ286045.1|	81.097	1915	353	8	375	2285	58	1967	0.0	1522
HVAEP1_T021068.1	AY030356.1|	97.713	481	10	1	576	1056	19	498	0.0	826
HVAEP1_T021074.1	LN868248.1|	96.146	2802	103	4	118	2916	2	2801	0.0	4571
HVAEP1_T021114.1	AB266099.1|	96.204	764	28	1	1	764	58	820	0.0	1249
HVAEP1_T021122.1	JX118845.1|	100.000	750	0	0	1	750	37	786	0.0	1386
HVAEP1_T021122.1	AY162284.1|	97.867	750	16	0	1	750	1	750	0.0	1297
HVAEP1_T021300.1	DQ449927.1|	95.742	822	35	0	60	881	1	822	0.0	1325
HVAEP1_T021326.1	JQ994230.1|	99.683	946	3	0	128	1073	2	947	0.0	1731
HVAEP1_T021403.1	AY919317.1|	97.305	1818	49	0	1	1818	1	1818	0.0	3086
HVAEP1_T021494.1	HQ380893.1|	97.138	2516	62	5	28	2543	1	2506	0.0	4239
HVAEP1_T021585.1	HG422726.1|	96.502	1515	53	0	846	2360	1	1515	0.0	2505
HVAEP1_T021625.1	U36275.1|	96.820	849	18	8	1	847	15	856	0.0	1410
HVAEP1_T021663.1	X70839.1|	96.331	1172	31	8	1	1162	36	1205	0.0	1916
HVAEP1_T021681.1	AB050600.1|	94.089	1032	61	0	17	1048	15	1046	0.0	1568
HVAEP1_T021733.1	DQ286045.1|	85.189	1742	258	0	66	1807	53	1794	0.0	1788
HVAEP1_T021734.1	DQ286045.1|	84.451	1968	297	8	1	1962	58	2022	0.0	1930
HVAEP1_T021803.1	HG422725.1|	96.252	1521	57	0	1046	2566	1	1521	0.0	2494
HVAEP1_T021815.2	AY336082.1|	98.431	510	8	0	167	676	1	510	0.0	898
HVAEP1_T021820.1	AY332609.1|	97.755	579	13	0	1	579	64	642	0.0	998
HVAEP1_T021898.1	DQ286045.1|	84.086	1307	198	8	491	1790	730	2033	0.0	1253
HVAEP1_T021899.1	DQ286045.1|	84.836	2018	293	11	31	2040	21	2033	0.0	2019
HVAEP1_T021979.1	AB050598.1|	93.906	1001	61	0	1	1001	1	1001	0.0	1511
HVAEP1_T021999.1	X97800.1|	97.945	1022	20	1	143	1164	6	1026	0.0	1770
HVAEP1_T022004.1	AB050599.1|	97.194	998	28	0	1	998	81	1078	0.0	1688
HVAEP1_T022062.1	MH940210.1|	94.281	612	32	1	347	958	1	609	0.0	933
HVAEP1_T022081.1	AY159356.1|	98.226	789	14	0	134	922	1	789	0.0	1380
HVAEP1_T022081.1	DQ286048.1|	96.909	453	11	2	490	941	1	451	0.0	756
HVAEP1_T022092.1	JN379588.1|	99.836	610	1	0	384	993	1	610	0.0	1122
HVAEP1_T022125.1	AB050602.1|	96.182	943	36	0	282	1224	29	971	0.0	1543
HVAEP1_T022143.1	JQ994226.1|	99.855	1377	2	0	315	1691	123	1499	0.0	2532
HVAEP1_T022180.1	FJ177032.1|	97.939	1844	37	1	56	1899	1	1843	0.0	3193
HVAEP1_T022180.1	FJ177033.1|	98.207	1171	21	0	56	1226	1	1171	0.0	2047
HVAEP1_T022180.1	EU015880.1|	97.986	844	17	0	2089	2932	1	844	0.0	1465
HVAEP1_T022227.1	AF070966.1|	96.447	197	7	0	3010	3206	1	197	2.39e-89	326
HVAEP1_T022348.1	KY053289.1|	97.573	412	10	0	169	580	1	412	0.0	706
HVAEP1_T022405.1	U24116.1|	91.920	2698	195	12	1	2679	31	2724	0.0	3753
HVAEP1_T022405.1	M64616.1|	94.872	195	10	0	2032	2226	1	195	2.48e-83	305
HVAEP1_T022433.1	AB006542.1|	99.063	961	9	0	329	1289	1	961	0.0	1725
HVAEP1_T022605.1	JQ994225.1|	100.000	1077	0	0	390	1466	469	1545	0.0	1989
HVAEP1_T022605.1	JQ994225.1|	100.000	178	0	0	212	389	1	178	6.97e-91	329
HVAEP1_T022631.1	U96194.1|	99.179	1462	12	0	335	1796	18	1479	0.0	2634
HVAEP1_T022631.1	AB007461.2|	98.085	1462	28	0	335	1796	1	1462	0.0	2545
HVAEP1_T022657.1	DQ286060.1|	97.506	882	19	3	33	911	40	921	0.0	1504
HVAEP1_T022678.1	AB426123.1|	93.320	1003	63	4	188	1188	59	1059	0.0	1478
HVAEP1_T022799.1	DQ286049.1|	98.860	351	4	0	394	744	12	362	1.10e-180	627
HVAEP1_T022835.1	AF126249.1|	96.244	852	31	1	548	1398	1	852	0.0	1395
HVAEP1_T022980.1	EF104645.1|	96.531	663	23	0	20	682	1	663	0.0	1098
HVAEP1_T022981.1	EU035760.1|	98.039	765	12	1	81	845	1	762	0.0	1327
HVAEP1_T023018.1	MH194569.2|	95.062	243	12	0	307	549	4375	4617	1.81e-107	383
HVAEP1_T023032.2	MH194569.2|	95.993	4617	179	1	283	4893	1	4617	0.0	7496
HVAEP1_T023032.2	MF138881.1|	95.470	905	41	0	991	1895	1	905	0.0	1445
HVAEP1_T023071.1	AM263447.1|	94.397	1285	66	6	298	1579	152	1433	0.0	1969
HVAEP1_T023071.1	AB425832.1|	93.621	1066	60	8	282	1343	80	1141	0.0	1585
HVAEP1_T023161.3	M83736.1|	96.453	1184	35	4	116	1294	16	1197	0.0	1947
HVAEP1_T023196.1	FR796475.1|	97.759	4462	100	0	85	4546	1	4462	0.0	7712
HVAEP1_T023346.1	KC751435.1|	93.167	1083	56	6	35	1117	1	1065	0.0	1574
HVAEP1_T023385.1	M25245.1|	96.202	1843	52	13	105	1938	186	2019	0.0	3000
HVAEP1_T023385.1	M25245.1|	96.602	206	5	1	742	947	207	4	5.84e-94	340
HVAEP1_T023492.1	KT071609.1|	97.576	825	20	0	1	825	1	825	0.0	1413
HVAEP1_T023503.1	M62870.1|	96.888	964	24	2	226	1188	32	990	0.0	1609
HVAEP1_T023503.1	AJ277388.1|	96.881	962	24	2	226	1186	75	1031	0.0	1605
HVAEP1_T023503.1	KR063223.1|	97.721	746	17	0	226	971	23	768	0.0	1284
HVAEP1_T023534.1	FN257513.1|	94.276	2149	99	11	1	2127	25	2171	0.0	3267
HVAEP1_T023536.2	AF539862.1|	98.096	2363	42	1	38	2400	8	2367	0.0	4111
HVAEP1_T023547.1	FJ205489.1|	94.866	1344	54	3	849	2186	1	1335	0.0	2085
HVAEP1_T023547.1	AF043907.1|	96.457	875	22	1	2	867	8	882	0.0	1435
HVAEP1_T023547.1	FJ205485.1|	95.735	844	21	3	1349	2186	443	1277	0.0	1345
HVAEP1_T023547.1	FJ205485.1|	95.495	444	11	1	435	869	3	446	0.0	701
HVAEP1_T023571.1	AY841903.1|	97.727	2200	47	2	1	2197	44	2243	0.0	3783
HVAEP1_T023576.1	EU035764.1|	98.273	579	10	0	205	783	1	579	0.0	1014
HVAEP1_T023579.1	MK376921.1|	100.000	1357	0	0	32	1388	1	1357	0.0	2507
HVAEP1_T023579.1	LN868245.1|	92.828	1478	79	12	48	1500	3	1478	0.0	2117
HVAEP1_T023600.3	FJ222238.1|	95.819	574	24	0	1162	1735	1	574	0.0	928
HVAEP1_T023650.1	JQ994217.1|	99.467	938	3	1	278	1213	6	943	0.0	1703
HVAEP1_T023692.1	AM263448.1|	94.669	4108	200	16	1	4096	75	4175	0.0	6355
HVAEP1_T023693.1	AM263448.1|	87.548	2064	218	28	2258	4308	2121	4158	0.0	2351
HVAEP1_T023693.1	AM263448.1|	80.385	2024	375	18	242	2257	72	2081	0.0	1519
HVAEP1_T023702.1	GU219979.1|	95.327	642	23	5	35	676	14	648	0.0	1013
HVAEP1_T023705.1	GU199337.1|	97.663	984	23	0	69	1052	1	984	0.0	1690
HVAEP1_T023706.1	HQ184466.1|	97.259	6640	182	0	1	6640	96	6735	0.0	11254
HVAEP1_T023795.1	AB179748.1|	93.794	1837	98	9	53	1875	1	1835	0.0	2747
HVAEP1_T023875.1	AB006553.1|	96.231	398	15	0	1427	1824	1	398	0.0	652
HVAEP1_T023882.1	AB426121.1|	97.154	1230	35	0	874	2103	1	1230	0.0	2078
HVAEP1_T023884.1	JN379589.1|	99.848	656	1	0	295	950	1	656	0.0	1206
HVAEP1_T023930.1	FJ236863.1|	97.292	1034	25	1	944	1974	224	1257	0.0	1751
HVAEP1_T023930.1	FJ236864.1|	98.485	396	6	0	228	623	1	396	0.0	699
HVAEP1_T024254.1	KC580662.1|	100.000	341	0	0	316	656	210	550	0.0	630
HVAEP1_T024312.1	AY032619.1|	96.795	312	10	0	52	363	24	335	6.59e-149	521
HVAEP1_T024338.1	JQ066819.1|	96.857	5059	147	4	298	5344	1	5059	0.0	8451
HVAEP1_T024423.1	LN868237.1|	96.539	7974	276	0	68	8041	1	7974	0.0	13197
HVAEP1_T024428.1	X90985.1|	96.053	1368	43	4	469	1831	3	1364	0.0	2217
HVAEP1_T024463.1	HQ660068.1|	91.630	681	47	3	33	713	1	671	0.0	933
HVAEP1_T024463.1	HQ660063.1|	91.043	681	52	2	33	713	1	672	0.0	911
HVAEP1_T024463.1	HQ660064.1|	90.604	596	33	8	131	713	3	588	0.0	769
HVAEP1_T024475.1	HQ660068.1|	82.255	1623	242	22	1	1586	1	1614	0.0	1360
HVAEP1_T024475.1	HQ660063.1|	82.471	696	106	11	1	687	1	689	6.33e-171	595
HVAEP1_T024475.1	HQ660064.1|	82.401	608	81	18	100	687	4	605	3.05e-144	507
HVAEP1_T024502.1	EF104647.1|	98.592	426	6	0	1	426	1	426	0.0	754
HVAEP1_T024553.1	AB047581.1|	96.739	276	9	0	11354	11629	276	1	1.79e-129	460
HVAEP1_T024603.1	AY690637.1|	97.492	319	5	3	78	393	1071	1389	1.99e-155	542
HVAEP1_T024604.4	AY690637.1|	97.558	1720	37	3	419	2135	1	1718	0.0	2939
HVAEP1_T024604.4	AY690638.1|	96.987	531	15	1	683	1212	395	925	0.0	891
HVAEP1_T024604.4	AY690638.1|	98.069	259	5	0	444	702	1	259	2.06e-127	451
HVAEP1_T024604.4	AY690639.1|	97.638	381	9	0	832	1212	258	638	0.0	654
HVAEP1_T024604.4	AY690639.1|	98.069	259	5	0	444	702	1	259	2.06e-127	451
HVAEP1_T024773.1	DQ286054.1|	95.122	574	28	0	1	574	1	574	0.0	905
HVAEP1_T024839.1	MF170903.1|	91.525	2419	178	9	15	2421	1	2404	0.0	3306
HVAEP1_T024839.1	MF170903.1|	94.390	410	23	0	2681	3090	2541	2950	0.0	630
HVAEP1_T024910.1	AF139186.1|	95.322	4446	151	39	84	4495	4	4426	0.0	7005
HVAEP1_T024979.1	AB050604.1|	93.587	1076	62	3	4	1078	43	1112	0.0	1598
HVAEP1_T024985.1	AB050604.1|	86.732	814	99	6	1	811	172	979	0.0	896
HVAEP1_T024988.1	AB050604.1|	88.610	878	84	10	1	869	139	1009	0.0	1053
HVAEP1_T025059.1	MG763927.1|	99.608	2294	3	1	59	2352	1	2288	0.0	4181
HVAEP1_T025059.1	AJ005934.1|	97.843	2133	36	3	221	2349	14	2140	0.0	3675
HVAEP1_T025223.1	EF104646.1|	97.114	693	20	0	814	1506	1	693	0.0	1170
HVAEP1_T025223.1	EU035765.1|	86.873	678	78	9	829	1502	1	671	0.0	749
HVAEP1_T025356.1	MH940208.1|	96.314	624	23	0	291	914	1	624	0.0	1026
HVAEP1_T025382.1	AY366372.1|	96.264	1365	49	2	1	1363	36	1400	0.0	2237
HVAEP1_T025435.1	AB050601.1|	88.140	1054	113	6	1	1054	96	1137	0.0	1243
HVAEP1_T025592.1	AB050601.1|	92.957	1150	67	5	1	1149	1	1137	0.0	1663
HVAEP1_T025604.1	EU035763.1|	98.058	618	12	0	269	886	1	618	0.0	1075
HVAEP1_T025613.1	M64612.2|	96.099	4435	171	2	1	4434	112	4545	0.0	7230
HVAEP1_T025691.1	JQ994218.1|	99.811	1056	1	1	177	1231	142	1197	0.0	1938
HVAEP1_T025707.1	AF067775.1|	94.313	1354	69	6	213	1564	219	1566	0.0	2067
HVAEP1_T025710.1	AF067775.1|	95.676	1480	58	4	50	1529	93	1566	0.0	2374
HVAEP1_T025728.1	JN411719.1|	96.641	774	26	0	637	1410	1	774	0.0	1286
HVAEP1_T026140.1	LN868231.1|	83.140	1548	250	10	91	1629	138	1683	0.0	1402
HVAEP1_T026265.1	AB459520.1|	85.640	1351	151	20	304	1620	3	1344	0.0	1380
HVAEP1_T026265.1	AB459520.1|	88.341	1055	111	5	873	1918	696	1747	0.0	1256
HVAEP1_T026265.1	AB459520.1|	81.118	805	118	20	730	1517	664	1451	2.29e-176	614
HVAEP1_T026265.1	AB459520.1|	80.473	676	118	11	960	1622	567	1241	1.44e-143	505
HVAEP1_T026265.1	AB459520.1|	77.429	700	117	23	733	1412	773	1451	9.10e-106	379
HVAEP1_T026355.1	LN868231.1|	96.611	4338	144	1	1	4335	23	4360	0.0	7193
HVAEP1_T026458.1	DQ286055.1|	93.501	754	41	5	1	751	1	749	0.0	1114
HVAEP1_T026459.1	DQ286055.1|	95.087	692	30	2	391	1082	63	750	0.0	1086
HVAEP1_T026494.1	EU035762.1|	94.349	637	36	0	333	969	1	637	0.0	977
HVAEP1_T026700.1	Z47546.1|	95.912	318	13	0	2752	3069	1	318	1.97e-146	516
HVAEP1_T026700.1	AH005353.3|	95.912	318	13	0	2752	3069	531	848	1.97e-146	516
HVAEP1_T026700.1	AH005353.3|	96.923	195	6	0	79	273	1	195	9.91e-90	327
HVAEP1_T026700.1	Z47545.1|	96.923	195	6	0	79	273	1	195	9.91e-90	327
HVAEP1_T026773.1	JN379590.1|	99.410	848	5	0	93	940	1	848	0.0	1539
HVAEP1_T026853.1	AB823951.1|	93.098	1246	79	2	450	1695	49	1287	0.0	1818
HVAEP1_T026977.1	JN411717.2|	94.730	2922	124	8	1	2919	1	2895	0.0	4516
HVAEP1_T026989.3	MK376917.1|	100.000	1287	0	0	3	1289	1	1287	0.0	2377
HVAEP1_T027070.1	LN868230.1|	88.521	1237	74	27	52	1265	5	1196	0.0	1435
HVAEP1_T027293.1	GANC01000002.1|	96.639	4165	134	1	165	4323	31	4195	0.0	6911
HVAEP1_T027307.1	LN868250.1|	95.260	2131	93	5	29	2153	1	2129	0.0	3369
HVAEP1_T027313.1	AF307863.1|	96.135	414	16	0	611	1024	4	417	0.0	676
HVAEP1_T027313.1	AB044096.1|	95.510	245	11	0	621	865	1	245	1.25e-109	392
HVAEP1_T027359.1	JQ994211.1|	99.942	1723	0	1	256	1978	136	1857	0.0	3175
HVAEP1_T027403.1	Y09797.1|	94.870	1345	58	6	38	1371	1	1345	0.0	2091
HVAEP1_T027438.1	AY212267.1|	93.987	316	17	2	1	316	23	336	2.70e-135	477
HVAEP1_T027755.1	LN868232.1|	93.712	3626	197	14	521	4144	296	3892	0.0	5404
HVAEP1_T027875.1	AB049403.1|	97.901	667	14	0	995	1661	1	667	0.0	1155
HVAEP1_T027954.1	GU121225.1|	94.530	713	37	2	1029	1740	570	1281	0.0	1099
HVAEP1_T027954.1	GU121225.1|	93.229	576	33	4	367	936	1	576	0.0	843
HVAEP1_T028385.1	AB588620.1|	100.000	885	0	0	214	1098	1	885	0.0	1635
HVAEP1_T028385.1	AB583744.1|	97.853	885	19	0	214	1098	1	885	0.0	1531
HVAEP1_T028451.1	AB583747.1|	99.273	825	6	0	752	1576	1	825	0.0	1491
HVAEP1_T028451.1	AB588625.1|	100.000	732	0	0	845	1576	64	795	0.0	1352
HVAEP1_T028451.1	AB583746.1|	99.180	732	6	0	845	1576	64	795	0.0	1319
HVAEP1_T028482.1	AB006539.1|	98.903	1003	11	0	312	1314	1	1003	0.0	1792
HVAEP1_T028500.1	AB440197.1|	96.328	1416	52	0	275	1690	1	1416	0.0	2327
HVAEP1_T028500.1	AB440196.1|	88.489	1416	156	7	275	1688	1	1411	0.0	1705
HVAEP1_T028693.1	AF155128.1|	85.405	925	121	10	314	1225	52	975	0.0	948
HVAEP1_T028693.1	AY924233.1|	85.548	858	112	8	377	1225	121	975	0.0	887
HVAEP1_T028701.1	AF155128.1|	79.786	841	135	22	186	1007	123	947	4.12e-166	579
HVAEP1_T028701.1	AY924233.1|	78.755	819	141	17	207	1007	144	947	9.11e-148	518
HVAEP1_T028711.1	AF155128.1|	79.918	971	164	24	280	1235	27	981	0.0	684
HVAEP1_T028711.1	AY924233.1|	80.590	881	151	11	365	1235	111	981	0.0	662
HVAEP1_T028715.1	AF155128.1|	87.766	376	44	2	9	383	72	446	2.63e-124	438
HVAEP1_T028715.1	AY924233.1|	87.283	346	44	0	38	383	101	446	1.60e-111	396
HVAEP1_T028812.1	LN868212.1|	99.981	10265	2	0	2846	13110	1585	11849	0.0	18945
HVAEP1_T028812.1	LN868212.1|	100.000	1509	0	0	1346	2854	1	1509	0.0	2787
HVAEP1_T028812.1	LN868211.1|	96.854	10268	308	5	2846	13110	3093	13348	0.0	17158
HVAEP1_T028812.1	LN868211.1|	97.898	2855	59	1	1	2854	163	3017	0.0	4939
HVAEP1_T028862.1	LN868234.1|	97.113	3048	86	2	1	3047	180	3226	0.0	5140
